vehicle 595.50 177.15 657.31 227.34
vehicle 305.23 179.59 494.97 263.68
vehicle 410.09 176.18 514.77 228.78
vehicle 435.96 173.60 537.84 218.33
vehicle 473.64 171.53 556.16 203.86
vehicle 515.19 156.84 585.71 193.55
person 984.43 188.05 1128.77 374.00
vehicle 823.97 189.33 1083.14 327.79
vehicle 753.34 185.35 885.42 263.59
vehicle 719.83 169.31 816.44 238.11
person 693.57 173.32 709.90 209.83
vehicle 776.77 170.97 882.28 211.70
vehicle 0.00 178.64 252.92 280.60
vehicle 194.14 174.89 341.99 241.74
vehicle 603.49 171.71 639.30 204.36
vehicle 287.85 175.62 379.41 228.84
vehicle 881.73 155.07 1040.99 215.24
vehicle 0.00 170.48 111.64 240.66
