vehicle 599.12 182.07 667.54 247.13
vehicle 774.94 172.00 963.28 270.83
vehicle 705.57 179.11 802.71 228.95
vehicle 673.38 181.32 757.07 216.77
vehicle 146.16 192.89 340.09 290.07
vehicle 452.35 183.18 509.30 222.21
vehicle 527.28 181.12 563.95 206.60
vehicle 241.74 191.35 355.40 242.41
vehicle 327.50 181.26 399.59 228.12
vehicle 581.09 180.64 609.45 196.67
vehicle 410.89 183.43 465.31 213.35
vehicle 486.69 184.25 533.31 204.92
vehicle 71.71 187.44 194.72 239.44
vehicle 87.38 185.27 204.23 220.99
vehicle 648.79 178.98 673.89 194.56
