person 1199.30 108.54 1241.00 348.03
vehicle 36.57 165.55 248.54 374.00
vehicle 835.06 166.73 1241.00 374.00
vehicle 726.07 154.71 916.86 306.71
vehicle 688.52 153.34 806.10 252.85
vehicle 678.28 170.36 747.97 231.25
person 656.08 160.85 672.41 199.98
person 661.72 162.97 676.05 200.69
vehicle 530.82 167.68 560.49 197.37
person 605.72 167.06 616.06 191.92
vehicle 428.14 178.08 495.67 225.49
vehicle 0.00 197.78 273.61 374.00
vehicle 197.05 186.01 398.12 301.00
vehicle 337.15 176.21 452.69 252.15
