vehicle 591.97 174.60 640.35 220.36
vehicle 1187.95 197.20 1241.00 374.00
vehicle 386.09 185.25 455.28 225.54
vehicle 738.48 169.58 918.26 253.00
vehicle 684.20 174.95 809.64 227.09
vehicle 682.09 169.25 770.32 211.71
vehicle 651.90 164.11 736.33 204.26
vehicle 646.27 173.34 712.42 199.45
vehicle 393.82 175.82 444.37 206.32
vehicle 536.11 160.96 566.40 188.56
vehicle 425.76 175.42 465.53 200.91
vehicle 490.26 176.93 516.06 192.21
vehicle 372.76 177.51 404.38 199.68
vehicle 135.31 178.56 175.28 203.70
