vehicle 784.78 177.12 1124.16 374.00
vehicle 0.00 193.20 137.39 374.00
vehicle 0.00 179.47 272.67 340.49
vehicle 0.00 159.41 290.35 307.83
vehicle 111.86 185.74 342.81 272.27
vehicle 247.71 186.65 435.61 257.37
vehicle 302.97 181.41 468.47 247.11
vehicle 335.68 179.85 462.74 241.60
vehicle 338.33 174.43 490.76 230.08
vehicle 394.53 177.75 500.30 219.37
vehicle 436.13 170.10 526.60 212.16
vehicle 573.93 177.54 582.06 198.50
vehicle 677.68 184.00 746.78 238.59
vehicle 731.11 171.91 853.44 221.79
vehicle 684.67 172.21 757.34 204.76
vehicle 633.13 179.03 659.07 198.79
