vehicle 333.28 177.65 489.60 277.55
vehicle 1084.56 129.65 1195.82 213.78
vehicle 993.86 137.83 1070.27 203.41
person 562.59 158.20 594.85 225.88
vehicle 790.12 154.43 834.52 194.72
person 402.59 157.37 427.24 234.07
vehicle 858.79 151.31 887.58 197.13
person 196.36 177.31 229.19 234.95
person 189.12 181.00 219.25 236.74
vehicle 283.29 168.34 364.92 241.44
person 241.89 176.88 270.18 234.71
person 210.60 172.77 242.54 244.30
person 334.47 162.73 354.71 234.29
vehicle 1137.36 137.54 1223.00 177.88
vehicle 1028.25 151.61 1157.03 185.90
