person 323.27 158.29 339.60 202.04
person 421.79 163.38 432.46 195.30
person 324.02 155.94 336.02 189.84
vehicle 960.87 180.90 1069.16 229.09
vehicle 1034.19 183.18 1155.16 229.33
vehicle 1097.59 183.53 1223.00 230.26
person 346.05 154.79 357.72 191.06
person 396.31 166.22 429.98 255.71
person 501.19 157.16 553.53 255.59
vehicle 676.76 152.81 784.30 270.01
vehicle 79.95 151.55 225.32 335.95
vehicle 601.61 171.69 637.70 199.90
person 297.11 155.81 312.44 195.32
person 221.78 153.26 232.78 197.15
person 997.76 173.67 1017.76 210.16
