vehicle 572.69 180.00 629.57 226.24
vehicle 0.00 202.20 349.19 374.00
vehicle 190.44 194.50 462.47 367.42
vehicle 71.10 197.25 289.22 323.84
vehicle 177.22 188.88 351.51 278.84
vehicle 328.15 182.33 449.42 236.88
vehicle 360.75 176.72 472.46 228.91
vehicle 416.16 180.46 496.27 214.65
vehicle 522.61 180.67 568.70 213.54
vehicle 456.27 174.77 530.41 203.38
vehicle 879.40 188.21 1241.00 374.00
vehicle 661.54 180.74 728.15 230.43
vehicle 645.81 126.00 719.50 212.69
person 747.50 166.38 761.50 215.20
vehicle 36.64 186.39 184.66 236.85
vehicle 588.43 176.00 624.41 208.84
vehicle 279.93 178.43 340.47 208.27
