vehicle 1077.71 205.78 1241.00 374.00
vehicle 924.07 136.19 1241.00 374.00
vehicle 530.61 162.61 585.88 223.22
vehicle 833.86 127.39 1087.03 223.36
vehicle 318.14 182.80 401.33 229.76
vehicle 214.55 166.45 318.87 230.67
vehicle 455.90 171.22 499.06 205.38
vehicle 692.53 171.83 770.72 215.35
vehicle 573.97 163.73 607.83 193.30
vehicle 610.16 149.12 646.04 187.52
vehicle 745.82 166.87 827.42 212.81
vehicle 1119.45 132.29 1241.00 202.96
vehicle 566.29 136.24 602.63 190.21
vehicle 37.15 187.20 172.25 237.32
vehicle 0.00 192.82 32.87 233.67
