person 270.30 161.04 290.49 207.77
vehicle 241.37 153.02 309.43 205.41
vehicle 294.11 164.63 361.67 202.75
vehicle 356.01 164.20 433.75 196.71
vehicle 531.01 156.38 602.56 195.41
vehicle 569.48 163.40 622.76 189.38
vehicle 612.46 161.43 668.46 188.56
vehicle 643.32 166.77 704.31 187.85
vehicle 680.83 167.39 725.21 188.52
vehicle 702.62 167.27 753.20 187.20
vehicle 724.71 165.40 782.98 185.94
vehicle 765.08 157.17 824.93 185.21
vehicle 792.27 163.66 845.05 182.62
vehicle 814.49 163.63 860.21 180.89
