vehicle 586.42 199.76 662.87 266.02
vehicle 78.22 195.25 239.59 268.19
vehicle 1005.81 190.32 1206.35 331.10
vehicle 700.62 162.16 807.39 261.63
person 389.42 179.08 424.76 303.37
vehicle 258.72 187.25 349.36 238.52
vehicle 370.32 190.97 497.81 255.70
vehicle 394.24 197.69 512.54 247.36
vehicle 425.76 196.25 535.81 239.43
vehicle 477.24 194.55 553.19 229.87
vehicle 513.87 192.20 570.87 215.15
vehicle 677.08 196.47 732.16 236.22
vehicle 583.50 192.47 625.83 232.63
vehicle 299.69 190.81 366.89 221.46
