vehicle 568.86 181.02 626.19 227.73
vehicle 0.00 198.33 400.94 374.00
vehicle 269.26 192.99 478.90 331.41
vehicle 133.71 193.80 327.83 299.58
vehicle 217.74 186.79 377.32 265.99
vehicle 341.28 182.24 455.26 232.72
vehicle 371.80 177.00 477.29 225.87
vehicle 421.83 180.51 497.71 213.06
vehicle 522.62 180.83 566.78 212.11
vehicle 457.86 175.01 529.62 202.59
vehicle 818.02 184.92 1241.00 374.00
vehicle 653.87 179.35 715.48 225.48
vehicle 639.24 127.63 709.44 209.85
person 736.96 167.21 752.96 213.24
vehicle 71.39 185.16 205.32 232.00
vehicle 584.95 176.28 621.09 209.27
vehicle 290.86 177.87 347.79 206.42
