vehicle 595.62 181.33 661.35 243.71
vehicle 837.50 168.67 1076.72 313.08
vehicle 715.76 178.58 827.33 237.30
vehicle 677.52 180.56 771.35 220.77
vehicle 353.01 183.81 448.54 243.22
vehicle 484.19 180.78 533.53 213.19
vehicle 164.40 191.99 311.09 253.28
vehicle 280.37 180.38 367.24 233.95
vehicle 555.46 180.30 589.04 199.34
vehicle 388.40 182.18 449.36 214.91
vehicle 471.91 183.21 521.83 205.30
vehicle 0.00 188.86 116.94 251.89
vehicle 11.83 184.92 151.34 225.56
vehicle 660.80 176.86 685.15 191.86
