vehicle 1095.73 185.07 1223.00 236.45
vehicle 1032.09 183.82 1157.47 232.59
vehicle 952.67 181.88 1068.65 234.44
vehicle 602.54 172.46 636.73 202.78
person 975.02 151.12 1056.35 326.19
person 998.33 165.03 1082.33 317.09
person 615.06 156.57 671.39 282.46
person 265.34 155.90 301.58 225.86
person 319.85 156.41 339.52 225.13
person 322.27 158.82 363.51 230.50
person 326.44 157.17 361.44 247.48
person 380.67 162.31 423.33 242.96
person 217.91 154.91 249.24 236.87
person 261.73 156.23 291.06 236.27
person 296.19 163.29 323.19 235.07
person 289.52 159.11 315.52 231.68
