vehicle 588.54 175.38 639.37 216.74
vehicle 0.00 177.11 267.66 342.47
vehicle 258.28 182.96 411.21 252.17
vehicle 455.11 187.46 552.00 256.65
vehicle 498.82 180.98 573.83 235.69
vehicle 393.20 171.20 503.41 217.02
vehicle 777.98 193.67 1108.47 374.00
vehicle 685.31 69.82 866.78 253.44
person 876.05 158.29 923.05 273.15
vehicle 653.12 172.87 698.79 209.40
vehicle 626.64 139.59 668.29 194.21
vehicle 286.95 176.44 352.29 206.40
vehicle 582.32 173.28 616.64 204.60
vehicle 66.48 179.17 194.54 229.71
