vehicle 589.09 173.69 649.29 222.70
vehicle 0.00 185.32 125.39 374.00
vehicle 42.54 190.42 309.53 334.07
vehicle 277.41 173.84 415.74 245.98
vehicle 423.22 186.10 547.54 261.21
vehicle 482.21 178.10 553.59 237.84
vehicle 406.03 178.47 495.72 218.40
vehicle 891.52 0.00 1241.00 374.00
person 880.12 177.46 951.12 339.13
vehicle 736.14 178.40 950.04 311.52
vehicle 696.96 181.57 821.53 257.73
vehicle 680.79 168.11 755.60 227.63
vehicle 642.92 172.48 678.59 199.68
vehicle 634.03 137.67 680.15 192.32
vehicle 0.00 135.00 145.67 292.94
vehicle 591.88 171.81 629.99 206.58
vehicle 191.08 174.86 278.16 211.39
