vehicle 586.96 172.97 661.42 243.34
vehicle 1037.72 151.37 1241.00 374.00
vehicle 751.83 141.27 969.70 272.06
vehicle 699.25 168.37 831.18 228.19
vehicle 666.73 168.57 741.30 199.84
vehicle 655.05 170.15 705.78 193.66
vehicle 93.73 175.50 264.55 250.00
vehicle 228.83 119.52 415.61 253.54
vehicle 247.61 178.22 347.71 229.61
vehicle 334.17 181.96 402.07 214.96
vehicle 434.55 175.69 477.08 198.76
vehicle 459.35 170.77 491.17 195.81
vehicle 489.15 172.75 520.27 190.83
vehicle 1061.63 180.61 1205.24 216.89
vehicle 171.00 180.07 250.58 221.98
