vehicle 594.51 174.51 638.61 216.22
vehicle 1067.59 187.01 1241.00 374.00
vehicle 838.52 163.91 1111.22 356.67
vehicle 763.86 173.53 985.22 284.59
vehicle 728.04 166.95 903.14 255.35
vehicle 721.62 175.30 850.40 238.46
vehicle 696.96 174.28 821.96 224.09
vehicle 525.35 177.56 546.43 192.20
vehicle 461.34 181.95 503.86 210.95
vehicle 667.67 172.26 754.59 206.74
vehicle 650.91 173.55 720.64 200.23
vehicle 639.38 168.48 696.03 194.49
vehicle 462.38 175.94 493.50 196.90
vehicle 440.29 176.19 460.63 192.15
