vehicle 564.14 184.54 623.16 233.26
vehicle 0.00 194.17 224.35 347.99
vehicle 109.30 214.21 467.29 374.00
vehicle 366.17 190.69 503.01 298.53
vehicle 424.48 190.66 519.68 259.89
vehicle 307.19 190.63 432.97 249.93
vehicle 526.37 183.65 560.44 209.03
vehicle 924.71 206.12 1241.00 374.00
vehicle 748.02 201.21 1092.71 374.00
vehicle 697.13 179.51 824.55 278.07
vehicle 628.07 184.72 675.75 219.41
vehicle 619.66 141.88 676.46 207.54
person 695.73 174.35 708.39 210.48
vehicle 193.16 186.56 281.03 221.75
vehicle 572.13 182.95 609.21 217.08
vehicle 2.54 189.34 145.40 242.59
