vehicle 1094.90 184.37 1223.00 235.68
vehicle 1032.34 183.88 1157.14 232.65
vehicle 952.81 181.78 1068.72 234.32
vehicle 602.52 172.56 636.64 202.88
person 194.72 152.27 212.05 199.58
person 270.82 156.17 291.15 214.44
vehicle 580.52 155.76 621.75 225.75
person 247.65 154.26 266.31 200.58
person 402.87 156.96 445.87 258.84
person 453.63 158.31 482.30 255.63
person 468.75 156.58 522.42 263.65
person 666.29 151.55 712.62 299.07
person 686.28 157.76 721.94 286.47
person 480.02 159.98 526.35 297.89
person 519.82 156.28 579.82 286.91
person 562.68 163.12 612.68 277.14
person 403.13 156.82 449.13 269.77
