vehicle 581.73 179.51 640.18 227.03
vehicle 240.12 184.86 424.16 265.28
vehicle 319.41 187.06 464.24 248.90
vehicle 390.98 179.39 482.72 224.32
vehicle 499.00 185.74 565.16 228.86
vehicle 707.70 105.42 945.55 305.67
vehicle 675.95 180.05 765.47 242.02
vehicle 663.14 183.28 728.68 227.67
vehicle 657.71 173.92 704.53 214.14
vehicle 632.59 177.89 660.58 199.66
vehicle 48.10 193.81 234.47 273.51
vehicle 179.59 159.75 337.07 248.70
vehicle 590.29 176.78 629.25 212.34
vehicle 46.51 185.37 168.10 235.10
