vehicle 0.00 182.76 226.27 374.00
vehicle 0.00 176.07 280.25 328.50
vehicle 26.03 174.91 369.80 294.11
vehicle 139.78 174.74 356.19 265.48
vehicle 224.90 183.45 422.68 258.00
vehicle 247.92 179.84 441.07 245.16
vehicle 332.60 170.94 468.36 226.16
vehicle 351.98 164.06 488.60 226.29
vehicle 551.31 178.47 563.62 208.46
vehicle 754.73 192.17 976.41 340.58
vehicle 825.33 173.31 1073.37 268.06
vehicle 769.30 181.06 914.50 240.82
vehicle 727.22 179.73 860.09 229.89
vehicle 707.77 180.00 832.52 220.99
vehicle 710.10 174.76 814.13 220.71
vehicle 431.89 179.47 524.63 210.34
vehicle 455.40 178.51 535.62 206.99
vehicle 635.81 180.54 669.72 206.01
vehicle 615.49 168.85 630.21 185.74
