vehicle 568.87 174.25 772.15 366.01
vehicle 1163.37 178.04 1241.00 374.00
vehicle 719.08 169.65 842.26 226.62
vehicle 688.62 172.92 762.41 208.73
vehicle 668.50 174.27 735.15 201.33
vehicle 508.35 177.79 543.90 201.43
vehicle 41.53 193.83 230.53 267.98
vehicle 581.35 173.22 605.75 189.20
vehicle 351.93 181.28 426.19 216.65
vehicle 402.42 173.81 452.22 209.80
vehicle 457.03 175.66 500.62 199.92
vehicle 514.89 176.56 554.22 193.83
vehicle 234.97 178.70 312.22 215.01
vehicle 221.58 179.58 303.60 206.47
