person 169.94 160.70 207.79 212.48
vehicle 154.96 148.61 234.07 206.20
vehicle 219.66 163.88 294.22 205.40
vehicle 287.18 162.83 371.71 197.93
vehicle 479.85 153.85 554.07 194.93
vehicle 518.93 162.80 574.84 189.97
vehicle 564.89 160.18 623.36 188.45
vehicle 597.20 167.04 659.94 188.81
vehicle 636.75 166.15 682.33 187.98
vehicle 656.99 167.02 708.62 187.46
vehicle 680.88 164.93 740.11 186.01
vehicle 721.93 154.07 782.20 182.78
vehicle 747.70 162.45 800.34 181.70
vehicle 771.62 163.96 817.18 181.43
