vehicle 1050.11 172.35 1241.00 374.00
vehicle 0.00 204.48 178.19 374.00
vehicle 307.84 187.98 430.62 261.73
vehicle 388.21 186.84 470.39 237.53
vehicle 433.88 184.90 491.61 225.75
vehicle 464.44 183.68 513.96 216.43
vehicle 787.74 153.91 899.18 196.46
vehicle 760.30 154.87 842.77 191.87
vehicle 1124.78 132.00 1241.00 173.44
vehicle 1079.96 131.71 1216.83 173.02
vehicle 1049.08 137.00 1181.55 171.89
vehicle 1022.43 141.82 1144.04 174.98
vehicle 497.20 180.37 537.58 206.86
vehicle 665.53 170.96 706.42 202.96
