vehicle 601.26 182.64 678.23 255.93
vehicle 741.93 175.30 892.08 249.64
vehicle 696.22 180.69 781.09 223.35
vehicle 670.21 182.58 744.95 213.96
vehicle 0.00 206.96 99.65 297.55
vehicle 397.55 187.18 471.99 232.59
vehicle 514.59 182.97 552.90 210.45
vehicle 564.43 181.20 591.51 201.22
vehicle 302.34 191.49 392.03 234.89
vehicle 363.04 182.45 424.14 223.82
vehicle 433.84 183.94 481.58 211.09
vehicle 501.11 185.66 543.43 204.97
vehicle 161.66 188.09 258.38 232.13
vehicle 156.20 186.25 254.70 217.90
