person 1082.85 124.78 1177.52 316.32
vehicle 225.82 164.26 344.29 351.08
vehicle 788.39 167.01 1126.78 374.00
vehicle 708.79 157.07 863.48 284.00
vehicle 679.60 157.82 780.97 245.86
vehicle 671.50 170.38 734.94 226.58
person 654.30 160.44 664.30 197.77
person 655.28 161.72 669.61 197.67
vehicle 531.19 166.63 559.77 195.34
person 601.96 166.72 610.30 190.88
vehicle 437.17 176.68 499.76 221.06
vehicle 0.00 212.28 86.09 374.00
vehicle 0.00 192.47 315.30 364.81
vehicle 247.74 184.08 416.03 283.30
vehicle 359.33 174.42 462.37 243.47
