vehicle 1094.75 184.24 1223.00 235.54
vehicle 1032.39 183.90 1157.08 232.66
vehicle 952.83 181.76 1068.73 234.30
vehicle 602.51 172.58 636.62 202.90
person 191.56 151.62 208.06 199.13
person 247.70 154.00 269.81 217.58
vehicle 643.14 151.27 701.45 241.18
person 239.78 153.67 256.33 202.26
person 437.93 156.84 473.47 266.13
person 462.49 156.18 532.96 260.28
person 517.49 154.00 564.51 269.88
person 767.39 149.56 830.12 314.49
person 774.52 153.68 844.19 301.15
person 563.98 160.24 621.88 315.82
person 596.78 155.28 652.96 302.28
person 650.91 161.54 696.79 290.68
person 462.57 155.82 502.29 279.93
