vehicle 0.00 205.15 155.03 374.00
vehicle 73.05 189.43 412.51 370.84
vehicle 1181.81 145.27 1241.00 255.66
vehicle 1007.37 160.52 1165.93 250.91
vehicle 925.46 162.55 1058.05 238.29
vehicle 882.29 163.24 1010.39 225.20
vehicle 846.03 163.19 967.66 219.64
vehicle 815.72 169.81 935.15 215.52
vehicle 702.30 173.82 819.51 263.50
vehicle 684.77 180.47 758.21 233.15
vehicle 426.80 178.03 523.56 244.21
vehicle 474.60 164.46 550.09 227.37
vehicle 739.78 164.36 826.72 202.30
vehicle 613.54 139.99 672.38 201.12
