vehicle 549.20 183.59 595.94 221.99
vehicle 189.01 195.07 486.82 374.00
vehicle 152.91 181.28 362.62 281.87
vehicle 333.04 185.36 458.15 231.45
vehicle 383.70 180.76 478.41 224.82
vehicle 427.17 183.13 510.64 214.95
vehicle 458.49 183.17 520.97 211.30
vehicle 467.66 173.00 533.77 204.79
vehicle 791.82 0.00 1164.09 374.00
vehicle 661.30 182.61 750.63 251.44
vehicle 635.66 182.29 690.11 223.91
vehicle 612.78 136.22 674.33 213.41
vehicle 54.41 185.70 194.04 236.17
vehicle 558.51 179.90 593.10 210.40
