vehicle 0.00 200.63 171.20 374.00
vehicle 1049.10 118.99 1241.00 279.44
vehicle 169.77 190.68 411.21 340.19
vehicle 340.56 182.59 483.65 269.98
vehicle 974.15 155.00 1100.13 227.23
vehicle 872.46 164.44 987.03 223.33
vehicle 829.19 166.17 926.02 218.60
vehicle 806.05 168.89 903.53 214.36
vehicle 786.95 165.36 881.63 208.18
vehicle 671.30 176.22 746.37 235.96
vehicle 472.32 176.21 540.57 224.24
vehicle 499.08 165.69 556.30 214.90
vehicle 716.59 167.38 788.25 199.08
vehicle 609.18 143.09 660.84 196.29
