person 644.74 146.18 665.68 204.20
person 280.19 138.03 318.69 259.24
person 835.21 184.06 926.30 369.00
person 914.12 169.37 1021.61 369.00
person 601.12 146.33 636.49 213.15
person 624.96 139.04 663.72 260.10
person 622.23 137.36 656.41 244.99
person 571.52 140.11 610.82 259.96
person 545.33 136.50 585.63 260.53
person 512.49 143.41 541.28 209.75
person 538.94 138.86 558.70 208.43
person 505.89 142.44 527.95 206.66
person 480.60 142.18 502.99 210.05
person 402.20 142.03 426.26 209.71
person 427.64 148.16 447.71 207.54
person 452.07 140.90 473.31 208.63
vehicle 0.00 0.00 267.80 369.00
