vehicle 592.17 174.17 640.97 220.34
vehicle 365.26 184.84 443.01 229.15
vehicle 748.74 169.25 939.55 259.60
vehicle 689.12 174.40 819.90 229.17
vehicle 688.93 173.18 795.72 220.18
vehicle 686.83 168.29 778.14 212.47
vehicle 653.54 163.25 740.02 204.59
vehicle 648.15 172.61 715.57 199.31
vehicle 389.18 174.98 441.28 206.20
vehicle 534.14 159.54 564.57 187.97
vehicle 422.37 175.53 463.24 201.58
vehicle 488.30 176.11 514.50 191.57
vehicle 368.45 176.76 401.02 199.38
vehicle 125.55 178.06 165.99 203.78
