vehicle 587.25 183.18 641.94 228.06
vehicle 0.00 188.45 213.17 374.00
vehicle 128.23 181.84 376.54 325.12
vehicle 331.58 182.93 487.40 250.01
vehicle 383.08 180.87 503.98 239.54
vehicle 431.15 180.09 525.14 220.16
vehicle 451.59 155.43 558.59 213.19
vehicle 970.53 158.15 1241.00 374.00
person 742.88 177.01 772.55 244.26
vehicle 914.78 175.76 1134.12 258.29
vehicle 592.26 181.15 626.59 212.56
vehicle 0.00 186.11 148.97 302.58
vehicle 1100.34 144.50 1241.00 263.60
vehicle 165.82 173.97 273.62 220.95
vehicle 255.62 181.18 324.02 211.00
vehicle 387.39 158.69 446.50 201.16
