person 694.29 148.94 710.29 206.63
person 268.44 131.64 312.10 251.49
person 1031.88 142.62 1140.21 369.00
person 995.50 125.96 1162.54 369.00
person 916.81 140.81 1041.81 369.00
person 932.66 131.53 1201.26 369.00
person 590.56 141.87 630.56 249.91
person 636.74 133.10 674.74 245.96
person 569.75 140.00 601.08 229.95
person 544.35 139.86 576.02 231.79
person 621.95 145.05 660.82 220.22
person 445.12 140.47 474.12 234.81
person 476.95 148.77 500.95 227.65
person 500.39 136.76 529.39 225.01
person 533.65 152.69 557.32 226.03
vehicle 0.00 0.00 267.61 369.00
