person 663.62 145.53 684.28 202.25
person 259.39 139.60 296.73 261.19
person 1049.13 121.71 1223.00 369.00
person 799.68 138.76 883.35 330.77
person 723.48 147.02 788.14 336.46
person 917.30 138.78 1007.63 342.30
person 1025.90 147.68 1101.90 343.11
person 892.66 160.69 924.66 238.02
person 503.26 143.48 568.93 324.20
person 556.10 158.21 600.10 303.83
person 590.22 140.25 638.88 300.54
person 634.44 163.42 678.78 294.00
person 663.17 143.21 708.50 284.84
person 498.55 141.18 534.22 240.17
person 564.10 146.46 607.96 238.24
person 599.10 139.34 648.35 238.58
person 661.09 141.95 706.24 235.84
vehicle 0.00 0.00 267.36 369.00
