vehicle 0.00 202.07 257.92 374.00
vehicle 1072.59 111.30 1241.00 225.67
vehicle 1228.04 131.51 1241.00 187.60
vehicle 379.22 189.75 492.79 260.40
vehicle 209.32 188.44 436.01 317.25
vehicle 733.72 170.63 819.10 224.14
vehicle 453.38 182.82 528.33 235.57
vehicle 504.67 184.58 552.34 222.41
vehicle 517.73 184.08 560.68 216.71
vehicle 645.72 178.52 689.20 214.05
vehicle 725.27 170.78 849.39 213.34
vehicle 687.44 176.24 740.44 205.07
vehicle 649.63 170.27 694.91 183.80
vehicle 537.10 174.09 575.37 186.89
