vehicle 592.37 173.73 641.61 220.31
vehicle 340.03 186.16 428.55 235.61
vehicle 760.68 168.86 963.94 267.40
vehicle 694.54 173.79 831.15 231.48
vehicle 692.68 173.20 803.58 222.32
vehicle 691.94 167.25 786.56 213.30
vehicle 655.28 162.35 743.92 204.95
vehicle 649.30 172.58 718.23 199.95
vehicle 384.32 174.09 438.04 206.07
vehicle 530.65 159.34 562.42 188.64
vehicle 418.82 175.65 460.85 202.29
vehicle 487.27 175.94 513.91 191.64
vehicle 363.97 175.98 397.53 199.06
vehicle 115.31 178.43 156.21 204.75
