person 225.33 160.88 243.67 210.00
vehicle 200.16 150.92 273.43 205.79
vehicle 257.88 163.95 328.64 203.64
vehicle 322.87 163.54 403.86 197.30
vehicle 506.07 155.15 578.91 195.18
vehicle 544.77 163.10 599.32 189.67
vehicle 588.90 161.79 646.06 189.42
vehicle 620.63 166.90 682.47 188.32
vehicle 659.15 166.78 704.10 188.26
vehicle 680.08 167.14 731.16 187.32
vehicle 703.06 165.17 761.80 185.97
vehicle 743.72 155.63 803.76 184.01
vehicle 770.14 163.06 822.84 182.16
vehicle 793.19 163.79 838.81 181.16
