vehicle 871.14 204.68 1241.00 374.00
vehicle 706.78 171.87 842.26 279.77
vehicle 47.13 177.73 367.10 287.12
vehicle 174.14 174.40 406.27 264.48
vehicle 217.74 160.94 396.76 253.21
vehicle 268.96 181.05 418.74 239.27
vehicle 346.59 178.25 478.90 228.76
vehicle 378.45 177.87 499.80 226.81
vehicle 391.68 170.65 488.58 218.53
vehicle 392.32 172.07 511.53 216.04
vehicle 454.81 162.32 532.25 198.45
vehicle 574.95 172.72 581.93 190.90
vehicle 659.68 180.21 711.29 221.19
vehicle 627.12 174.35 650.10 192.10
