vehicle 0.00 188.22 397.83 374.00
vehicle 894.05 181.63 1241.00 374.00
vehicle 1118.27 119.06 1241.00 245.67
vehicle 963.33 124.36 1241.00 256.75
vehicle 309.00 187.82 462.50 291.36
vehicle 404.43 181.22 512.67 250.38
vehicle 928.63 162.00 1038.56 223.07
vehicle 845.22 168.09 946.98 218.62
vehicle 810.61 168.04 896.81 213.75
vehicle 795.05 171.42 883.16 211.98
vehicle 670.22 176.70 735.58 227.87
vehicle 496.51 176.63 555.94 218.89
vehicle 516.98 168.45 567.90 212.76
vehicle 717.76 167.64 783.98 197.02
vehicle 617.90 146.52 665.73 196.57
