vehicle 586.27 174.86 645.75 223.21
vehicle 152.35 187.32 379.27 292.96
vehicle 263.86 187.96 435.47 264.74
vehicle 366.97 177.68 469.16 229.04
vehicle 483.39 184.84 561.61 234.88
vehicle 443.72 176.83 518.33 209.01
vehicle 737.58 61.93 1134.40 372.68
vehicle 691.11 177.05 803.32 252.94
vehicle 672.60 180.49 751.13 231.62
vehicle 664.59 171.19 718.24 216.36
vehicle 637.43 175.37 667.62 198.71
vehicle 0.00 195.64 152.44 299.02
vehicle 89.75 152.16 295.29 260.21
vehicle 592.90 173.16 631.63 208.49
vehicle 0.00 184.77 100.00 242.74
