vehicle 595.61 175.75 638.82 216.62
vehicle 1057.72 161.37 1241.00 374.00
vehicle 870.05 171.23 1143.94 330.08
vehicle 762.25 175.89 966.58 277.25
vehicle 719.23 169.79 877.57 254.52
vehicle 703.85 174.13 846.16 236.59
vehicle 687.69 170.36 810.80 226.58
vehicle 677.52 174.65 773.12 211.22
vehicle 509.23 180.97 536.17 200.65
vehicle 657.87 173.83 729.38 201.71
vehicle 644.83 174.82 703.81 197.10
vehicle 637.87 169.63 687.93 192.41
vehicle 481.34 175.78 507.92 194.32
vehicle 459.96 177.15 477.65 191.54
