vehicle 598.28 182.03 696.10 274.94
vehicle 724.82 175.25 855.94 237.04
vehicle 689.92 179.73 766.97 217.90
vehicle 669.69 181.10 738.65 209.74
vehicle 56.83 198.76 279.69 307.93
vehicle 0.00 201.88 194.72 285.62
vehicle 491.89 182.90 533.21 211.15
vehicle 557.60 180.02 586.88 200.68
vehicle 594.32 178.55 615.80 194.74
vehicle 337.87 187.88 416.08 226.08
vehicle 391.99 181.08 445.16 218.65
vehicle 450.66 182.61 495.96 207.98
vehicle 508.97 183.13 550.19 201.31
vehicle 213.84 186.51 296.09 225.43
vehicle 196.43 185.19 284.31 214.08
