vehicle 562.96 180.18 620.93 227.38
vehicle 180.66 192.99 458.56 374.00
vehicle 358.11 191.62 500.60 290.53
vehicle 221.49 189.92 380.70 269.80
vehicle 362.96 182.10 464.78 226.01
vehicle 523.28 179.17 562.81 207.58
vehicle 460.98 175.44 526.97 201.21
vehicle 899.15 229.55 1241.00 374.00
vehicle 747.44 180.54 976.11 344.40
vehicle 640.04 179.11 694.15 219.57
vehicle 627.61 133.33 692.18 207.87
person 716.69 168.52 729.69 209.94
vehicle 127.20 183.28 238.78 224.23
vehicle 577.41 176.52 613.87 209.82
vehicle 0.00 188.95 40.66 246.70
