vehicle 585.35 181.65 657.55 240.59
vehicle 0.00 167.03 151.38 258.15
vehicle 730.93 140.33 884.56 276.42
person 270.77 145.71 333.44 341.96
vehicle 171.30 158.90 294.32 222.20
vehicle 313.44 168.13 470.42 249.95
vehicle 350.77 176.23 493.11 235.61
vehicle 391.69 180.27 523.45 230.53
vehicle 464.82 174.33 547.37 213.55
vehicle 507.32 174.59 569.78 199.16
vehicle 689.73 179.73 756.90 223.89
vehicle 674.23 171.57 726.91 212.49
person 660.77 176.58 674.77 211.87
vehicle 588.46 176.80 629.42 214.17
vehicle 262.53 170.90 341.70 204.09
