vehicle 587.38 187.06 640.31 231.07
vehicle 0.00 201.21 182.76 374.00
vehicle 77.03 186.26 342.81 356.52
vehicle 304.39 188.40 461.97 263.12
vehicle 357.76 142.06 525.09 242.47
vehicle 416.35 187.70 530.77 230.86
person 949.76 178.98 1044.09 358.11
vehicle 641.40 169.88 677.68 204.17
vehicle 594.41 182.21 627.76 212.83
vehicle 441.12 175.76 552.69 225.39
vehicle 0.00 178.16 42.05 249.96
vehicle 32.25 189.68 169.93 239.94
vehicle 101.54 185.12 293.47 269.96
vehicle 261.05 181.78 364.40 239.04
person 149.67 172.33 168.34 228.20
person 240.23 180.47 253.73 215.34
vehicle 320.93 157.56 405.49 212.55
