vehicle 597.51 177.14 660.37 228.14
vehicle 56.91 177.70 358.93 374.00
vehicle 210.27 177.45 418.40 297.33
vehicle 405.74 175.29 537.35 229.76
vehicle 462.14 172.22 543.81 211.77
vehicle 478.30 172.09 559.01 207.03
vehicle 532.88 156.43 594.83 188.40
vehicle 818.03 166.02 1127.04 337.17
person 781.19 177.35 829.85 285.01
vehicle 749.48 181.31 869.57 254.15
vehicle 717.93 180.01 798.81 231.40
vehicle 700.31 165.60 769.94 216.52
person 688.93 171.59 700.93 202.07
vehicle 0.00 186.97 123.05 296.83
vehicle 323.74 170.31 419.87 217.51
vehicle 608.42 168.55 645.07 201.96
vehicle 85.00 181.75 278.71 264.94
vehicle 846.13 150.60 976.41 200.59
