person 421.85 161.00 437.25 200.44
vehicle 380.72 153.85 439.64 198.75
vehicle 421.85 163.29 479.88 196.49
vehicle 472.88 163.17 540.87 191.83
vehicle 627.36 153.76 693.23 189.64
vehicle 661.42 161.75 711.12 185.84
vehicle 702.49 159.20 755.49 184.78
vehicle 731.48 164.87 790.87 185.02
vehicle 768.10 164.86 811.89 185.10
vehicle 789.40 165.91 838.57 185.03
vehicle 811.34 163.55 868.88 183.46
vehicle 853.79 153.79 914.55 181.45
vehicle 879.45 160.86 933.34 179.62
vehicle 904.31 162.73 951.46 179.85
