vehicle 586.65 174.09 663.65 246.85
vehicle 1149.16 150.94 1241.00 374.00
vehicle 767.96 139.03 1001.95 285.88
vehicle 704.94 169.29 844.98 233.01
vehicle 668.75 169.83 745.47 202.10
vehicle 655.79 172.24 707.58 196.28
vehicle 56.76 176.52 245.31 256.43
vehicle 101.27 104.46 373.90 283.48
vehicle 229.76 179.58 336.74 233.59
vehicle 324.88 183.79 396.05 218.28
vehicle 431.01 177.57 474.89 201.20
vehicle 456.70 172.39 489.24 197.98
vehicle 487.39 173.65 519.16 192.06
vehicle 527.32 174.47 558.21 188.45
vehicle 1083.35 179.84 1234.71 217.73
vehicle 153.25 180.40 237.46 224.05
