person 1002.25 133.00 1065.58 289.83
vehicle 0.00 185.19 106.97 374.00
vehicle 319.23 167.92 397.63 307.16
vehicle 755.80 168.55 1000.05 337.18
vehicle 694.79 159.08 825.29 268.54
vehicle 671.70 158.36 760.80 237.57
vehicle 664.93 170.25 723.11 222.42
person 639.15 160.88 651.48 196.51
person 645.10 163.38 656.10 197.76
vehicle 530.52 166.54 558.10 194.33
person 595.99 166.39 604.66 189.90
vehicle 443.80 176.83 501.81 218.58
vehicle 0.00 206.84 187.57 374.00
vehicle 104.08 191.10 355.09 328.75
vehicle 284.64 183.36 428.73 270.71
vehicle 376.00 175.35 469.21 238.69
