vehicle 596.05 177.32 658.20 227.76
vehicle 0.00 178.18 247.01 374.00
vehicle 338.11 180.42 509.00 254.67
vehicle 426.04 175.09 524.08 223.75
vehicle 448.13 173.10 544.34 214.92
vehicle 482.59 173.10 560.89 203.83
vehicle 520.31 158.70 588.51 194.11
vehicle 960.16 142.39 1241.00 374.00
person 885.35 183.56 986.02 374.00
vehicle 799.53 188.38 1003.74 302.53
vehicle 742.67 185.37 857.48 255.05
vehicle 713.96 168.17 801.99 231.42
person 690.50 172.66 706.50 207.46
vehicle 770.34 171.17 870.39 209.89
vehicle 67.39 177.24 292.50 264.96
vehicle 236.66 174.45 364.99 234.95
vehicle 605.26 172.42 641.24 205.22
vehicle 0.00 182.96 118.54 298.57
vehicle 314.17 173.36 396.29 222.48
vehicle 871.65 155.43 1022.55 212.70
vehicle 0.00 173.80 152.30 238.12
