vehicle 734.87 155.48 1001.33 345.26
vehicle 0.00 188.66 186.75 374.00
vehicle 0.00 189.52 271.67 333.04
vehicle 36.40 178.67 323.82 286.16
vehicle 186.72 157.67 431.30 255.60
vehicle 153.89 172.97 375.94 271.23
vehicle 700.09 179.46 826.08 262.58
vehicle 254.13 161.69 422.78 243.01
vehicle 310.93 175.39 457.48 236.24
vehicle 316.35 170.99 471.34 229.45
vehicle 399.71 171.28 506.84 210.62
vehicle 433.66 164.20 519.77 204.83
vehicle 649.54 174.79 694.80 210.17
vehicle 677.90 175.42 759.76 238.11
vehicle 638.05 169.71 671.54 199.45
