vehicle 903.60 200.83 1241.00 374.00
vehicle 0.00 187.92 226.00 339.07
vehicle 122.33 181.93 365.05 270.42
vehicle 204.94 182.22 432.82 258.79
vehicle 250.16 180.06 439.75 246.27
vehicle 767.58 180.39 1004.03 339.68
vehicle 682.20 184.42 751.97 233.40
vehicle 341.88 182.52 478.29 238.98
vehicle 374.00 174.11 489.04 231.35
vehicle 725.19 182.26 828.91 216.24
vehicle 640.15 163.25 674.13 199.18
vehicle 477.02 178.52 547.59 202.34
vehicle 497.19 173.43 560.78 199.90
vehicle 630.73 163.65 655.01 192.67
