vehicle 593.55 171.96 654.78 221.70
vehicle 263.86 177.73 477.07 274.56
vehicle 391.62 167.72 503.85 224.66
vehicle 421.29 168.50 529.63 216.61
vehicle 464.03 168.23 551.17 202.35
vehicle 509.35 152.03 582.31 190.11
vehicle 854.18 188.69 1198.67 362.11
vehicle 766.21 183.29 921.15 271.79
vehicle 726.52 162.37 833.55 237.76
person 695.46 167.08 711.46 205.43
vehicle 783.83 165.70 895.08 208.48
vehicle 0.00 172.73 195.34 290.84
vehicle 142.14 168.95 314.48 243.62
vehicle 601.22 166.35 637.18 199.16
vehicle 256.70 168.07 359.91 226.09
vehicle 892.71 147.20 1061.27 210.53
vehicle 0.00 167.66 56.69 237.84
