vehicle 595.71 176.03 638.80 216.78
vehicle 0.00 187.35 58.50 286.64
vehicle 969.86 161.10 1241.00 374.00
vehicle 840.00 172.38 1089.07 309.54
vehicle 749.09 175.53 938.99 266.72
vehicle 711.59 170.11 860.09 248.53
vehicle 698.89 174.35 833.95 233.09
vehicle 683.88 170.97 801.40 224.38
vehicle 675.62 174.74 768.12 209.98
vehicle 513.59 180.48 539.29 199.28
vehicle 656.70 174.08 726.45 201.22
vehicle 644.43 174.18 702.14 195.90
vehicle 637.40 169.97 686.71 192.35
vehicle 483.69 175.85 509.72 194.08
vehicle 462.55 177.17 479.92 191.35
