vehicle 592.78 172.83 642.91 220.25
vehicle 268.11 189.70 389.79 254.03
vehicle 791.55 167.81 1025.11 288.20
vehicle 707.24 172.34 857.17 236.96
vehicle 701.22 173.25 821.35 227.24
vehicle 698.58 167.62 799.67 217.32
vehicle 659.08 161.04 752.48 206.40
vehicle 651.76 172.52 723.95 201.33
vehicle 642.82 171.01 692.63 191.21
vehicle 372.89 175.05 430.57 208.85
vehicle 522.99 158.91 557.76 190.12
vehicle 411.23 175.91 455.77 203.81
vehicle 441.84 179.40 476.63 199.20
vehicle 485.10 175.59 512.67 191.79
vehicle 354.45 176.94 390.14 201.00
vehicle 93.42 179.21 135.25 206.84
