vehicle 1095.86 185.18 1223.00 236.57
vehicle 1032.05 183.81 1157.53 232.58
vehicle 952.65 181.90 1068.63 234.45
vehicle 602.55 172.44 636.75 202.76
person 861.80 152.79 944.80 308.24
person 915.40 163.90 976.74 300.04
person 544.16 157.47 595.49 270.27
person 274.29 154.28 307.88 219.70
person 322.95 158.34 342.95 225.49
person 303.65 156.66 335.65 240.48
person 339.78 162.67 379.45 239.01
person 211.19 154.60 238.86 230.06
person 248.64 156.55 273.64 230.71
person 279.38 163.10 302.38 229.94
person 284.87 158.75 319.05 226.42
