vehicle 735.97 172.11 932.01 321.07
vehicle 0.00 183.34 288.83 336.27
vehicle 47.69 176.37 355.17 292.52
vehicle 128.44 160.99 354.95 274.86
vehicle 202.70 183.48 384.73 253.11
vehicle 305.39 182.12 460.71 240.99
vehicle 345.65 180.03 485.80 236.11
vehicle 366.59 174.09 476.65 228.06
vehicle 367.86 172.92 501.74 222.07
vehicle 415.45 177.67 510.00 215.14
vehicle 443.03 166.03 526.67 204.93
vehicle 573.87 174.07 581.40 193.56
vehicle 667.56 182.73 726.23 229.66
vehicle 714.87 171.29 822.99 215.84
vehicle 629.98 177.51 654.35 196.21
