vehicle 1093.98 183.59 1223.00 234.82
vehicle 1032.63 183.96 1156.76 232.71
vehicle 952.96 181.67 1068.79 234.19
vehicle 602.49 172.67 636.54 203.00
vehicle 628.03 163.35 758.21 300.09
vehicle 707.10 152.35 849.72 282.46
vehicle 399.63 167.39 439.37 232.09
person 182.18 149.09 203.27 196.57
person 0.00 144.24 58.05 257.46
person 203.58 153.58 229.18 216.40
person 173.45 150.12 200.25 214.15
person 808.75 148.61 879.63 331.32
person 831.32 148.03 896.23 318.17
person 954.76 137.68 1034.08 336.26
person 967.40 142.08 1075.36 369.00
