vehicle 1094.20 183.78 1223.00 235.02
vehicle 1032.56 183.94 1156.85 232.70
vehicle 952.92 181.70 1068.78 234.22
vehicle 602.50 172.65 636.56 202.97
vehicle 522.24 165.37 589.44 259.80
vehicle 584.74 158.88 654.08 250.76
vehicle 463.21 168.17 487.68 211.04
person 181.49 148.94 198.81 196.38
person 83.16 148.10 125.36 241.30
person 234.25 154.71 257.33 212.28
person 201.81 151.39 225.22 209.79
person 667.44 153.00 721.47 305.64
person 706.85 150.56 772.98 294.79
person 758.68 142.72 879.84 310.59
person 1108.93 142.20 1223.00 369.00
person 772.82 146.60 851.05 332.95
