vehicle 1095.15 184.58 1223.00 235.91
vehicle 1032.26 183.86 1157.24 232.63
vehicle 952.77 181.81 1068.70 234.35
vehicle 602.53 172.53 636.67 202.85
person 1204.54 154.60 1223.00 369.00
person 190.87 151.84 207.87 198.89
person 302.62 158.04 320.62 209.47
vehicle 514.47 160.18 539.60 208.88
person 260.39 154.03 278.05 197.06
person 333.33 157.92 370.33 248.88
person 355.04 157.77 411.40 244.98
person 396.45 157.93 444.78 252.15
person 521.00 155.77 569.67 280.04
person 566.14 158.45 622.80 268.13
person 372.90 160.61 412.90 275.49
person 418.02 158.22 461.69 268.39
person 452.60 163.09 500.93 260.31
person 333.28 158.30 373.94 256.56
