vehicle 598.24 181.30 665.38 244.99
vehicle 790.32 170.26 992.00 279.91
vehicle 708.52 178.55 809.48 230.67
vehicle 674.27 181.01 760.89 217.81
vehicle 0.00 194.25 266.97 329.81
vehicle 426.93 182.26 493.52 226.00
vehicle 515.42 180.37 555.00 207.73
vehicle 220.75 190.50 343.15 244.10
vehicle 313.40 180.65 390.45 229.38
vehicle 573.14 180.05 602.78 196.92
vehicle 403.83 182.30 460.33 213.03
vehicle 483.05 183.69 529.99 204.75
vehicle 40.40 187.31 173.09 242.06
vehicle 66.38 184.93 189.18 221.92
vehicle 652.41 178.06 676.02 193.41
