vehicle 1100.57 133.28 1241.00 374.00
vehicle 1138.53 160.74 1241.00 352.07
vehicle 465.12 163.77 534.11 239.10
vehicle 837.28 118.07 1143.11 237.42
vehicle 192.23 185.67 313.18 246.03
vehicle 53.56 168.68 209.08 251.14
vehicle 384.03 174.11 438.91 214.69
vehicle 666.30 169.62 760.05 221.81
vehicle 526.88 166.18 563.67 199.38
vehicle 567.44 150.29 604.45 192.33
vehicle 725.63 165.13 822.53 219.78
vehicle 796.58 174.48 914.17 220.91
vehicle 1135.65 129.32 1241.00 205.76
vehicle 519.97 135.82 559.15 195.47
