vehicle 593.09 174.16 644.45 222.74
vehicle 144.14 195.13 331.69 285.72
vehicle 834.26 167.25 1108.98 320.03
vehicle 719.50 173.42 884.52 247.15
vehicle 711.52 173.30 842.51 233.23
vehicle 706.30 168.04 814.81 222.04
vehicle 663.48 161.20 762.30 209.67
vehicle 654.48 172.46 730.24 202.85
vehicle 644.39 172.86 695.82 193.81
vehicle 360.09 176.12 422.30 211.96
vehicle 516.75 159.51 553.69 192.90
vehicle 402.50 177.98 449.63 207.17
vehicle 435.50 180.94 472.16 201.58
vehicle 481.85 177.29 511.72 194.00
vehicle 344.38 178.50 382.42 203.64
vehicle 69.44 180.07 112.19 209.15
