vehicle 595.50 175.47 638.84 216.45
vehicle 1202.24 161.82 1241.00 374.00
vehicle 909.46 169.39 1213.17 358.43
vehicle 778.29 176.32 999.31 290.38
vehicle 728.09 169.41 897.57 261.56
vehicle 709.44 173.89 859.80 240.58
vehicle 691.90 169.69 821.14 229.04
vehicle 679.63 174.56 778.56 212.56
vehicle 504.45 181.51 532.78 202.15
vehicle 659.10 173.56 732.47 202.22
vehicle 645.58 174.63 705.89 197.45
vehicle 638.36 169.26 689.19 192.47
vehicle 478.90 175.72 506.06 194.57
vehicle 457.29 177.14 475.32 191.73
