vehicle 574.06 188.88 633.80 238.71
vehicle 142.55 188.09 331.73 294.10
vehicle 306.50 204.32 510.64 331.60
vehicle 426.18 190.80 524.54 273.98
vehicle 463.16 190.14 538.59 247.69
vehicle 352.74 187.57 462.14 237.30
vehicle 538.08 186.28 568.55 209.97
person 1182.57 195.60 1241.00 374.00
vehicle 803.13 200.01 1241.00 374.00
vehicle 718.57 201.03 922.05 328.37
vehicle 687.43 183.91 786.32 262.72
vehicle 634.70 187.82 675.78 219.72
vehicle 625.75 149.45 676.94 210.21
vehicle 241.69 187.35 316.59 219.06
vehicle 578.55 184.50 616.05 219.18
vehicle 90.99 185.09 206.79 230.18
