person 350.94 161.31 369.35 203.89
vehicle 316.15 153.47 379.30 201.82
vehicle 361.42 163.65 423.70 199.10
vehicle 416.77 163.74 489.06 194.13
vehicle 580.79 154.82 649.14 192.14
vehicle 616.32 162.75 667.83 187.69
vehicle 658.17 160.12 712.35 186.40
vehicle 687.99 165.80 747.68 186.35
vehicle 725.24 165.96 768.97 186.60
vehicle 746.17 166.71 795.83 186.19
vehicle 767.91 164.87 825.58 185.00
vehicle 809.99 154.05 870.14 181.93
vehicle 835.54 162.22 888.66 181.03
vehicle 858.53 163.22 904.78 180.37
