vehicle 0.00 220.13 140.93 374.00
vehicle 1153.73 146.10 1241.00 272.80
vehicle 1036.00 155.53 1224.56 252.67
vehicle 957.65 155.59 1128.72 237.71
vehicle 900.65 166.24 1059.19 229.05
vehicle 870.23 163.50 993.14 216.45
vehicle 778.28 170.23 1050.66 350.15
vehicle 730.82 186.47 849.47 268.44
vehicle 339.91 181.26 501.66 284.90
vehicle 430.61 163.84 543.03 251.44
vehicle 776.47 163.35 887.02 210.47
vehicle 494.95 182.13 560.95 236.68
vehicle 516.69 181.16 574.48 223.66
vehicle 667.21 172.32 737.68 197.18
vehicle 625.45 135.23 692.28 206.03
