vehicle 0.00 182.48 192.03 374.00
vehicle 0.00 180.95 215.70 324.66
vehicle 33.81 190.74 341.70 302.75
vehicle 105.65 180.24 378.82 270.34
vehicle 246.07 182.74 425.01 254.02
vehicle 279.58 172.10 453.09 249.77
vehicle 533.14 188.15 548.71 225.14
vehicle 878.30 216.53 1241.00 374.00
vehicle 931.18 177.27 1241.00 327.58
vehicle 870.72 186.29 1146.98 294.82
vehicle 816.03 193.75 1018.94 276.25
vehicle 801.29 187.38 949.16 257.51
vehicle 751.21 190.73 920.94 255.29
vehicle 723.87 192.60 877.59 243.93
vehicle 723.71 182.37 849.45 237.67
vehicle 399.42 189.15 507.58 225.38
vehicle 427.65 191.12 520.00 224.21
vehicle 634.31 189.71 673.23 219.73
vehicle 624.20 187.39 648.17 208.29
vehicle 610.69 178.30 625.86 196.05
