vehicle 0.00 198.33 264.09 374.00
vehicle 177.10 187.05 436.94 330.35
vehicle 1110.66 145.18 1241.00 246.90
vehicle 961.53 161.64 1106.26 241.18
vehicle 893.10 163.13 1014.37 231.26
vehicle 858.85 165.21 977.48 221.95
vehicle 826.97 164.91 940.44 217.19
vehicle 800.40 170.48 912.77 213.27
vehicle 691.58 174.21 794.11 253.94
vehicle 677.09 181.92 743.89 230.67
vehicle 440.07 177.00 527.73 237.45
vehicle 480.58 164.74 550.75 223.54
vehicle 732.10 165.69 814.57 201.83
vehicle 611.14 141.09 668.12 200.03
