vehicle 0.00 176.10 246.18 366.50
vehicle 0.00 177.23 254.33 306.06
vehicle 85.50 188.84 362.75 290.64
vehicle 141.75 179.25 394.19 263.03
vehicle 267.43 177.49 435.70 244.71
vehicle 296.73 166.89 461.34 240.86
vehicle 536.93 183.83 551.75 219.04
vehicle 838.19 208.09 1241.00 374.00
vehicle 903.44 177.88 1241.00 312.84
vehicle 852.17 184.12 1102.31 283.43
vehicle 804.03 189.94 992.11 266.58
vehicle 792.50 183.12 931.30 248.79
vehicle 745.33 185.01 906.14 245.74
vehicle 720.96 187.71 867.94 236.40
vehicle 720.62 177.55 841.27 230.55
vehicle 406.46 183.70 511.03 218.49
vehicle 433.91 184.98 523.53 216.87
vehicle 634.33 184.49 672.10 213.11
vehicle 625.63 182.78 649.19 203.00
vehicle 611.79 173.24 626.88 190.81
