vehicle 1093.85 183.49 1223.00 234.70
vehicle 1032.66 183.97 1156.71 232.72
vehicle 952.98 181.66 1068.80 234.17
vehicle 602.49 172.69 636.52 203.02
vehicle 715.91 161.33 874.91 316.51
vehicle 881.88 142.07 1069.83 304.38
vehicle 326.74 165.82 389.11 256.41
person 182.20 149.19 203.16 196.69
person 183.79 152.76 210.13 218.97
person 152.17 148.49 179.50 216.08
person 910.97 150.13 986.97 356.06
person 933.99 145.57 1005.66 336.45
person 1056.76 135.50 1139.10 360.38
person 1096.76 139.60 1223.00 369.00
