vehicle 600.97 182.72 675.37 253.58
vehicle 747.75 174.97 904.97 253.64
vehicle 698.10 180.55 785.35 224.59
vehicle 670.60 182.53 747.15 214.74
vehicle 0.00 208.12 64.30 296.63
vehicle 363.21 188.29 451.08 240.47
vehicle 502.88 183.43 543.96 213.07
vehicle 556.51 181.65 585.54 202.76
vehicle 290.64 191.79 384.87 236.75
vehicle 355.27 182.43 418.53 224.94
vehicle 429.19 184.27 477.97 212.02
vehicle 498.41 185.68 541.50 205.31
vehicle 144.46 188.15 246.08 233.78
vehicle 142.75 186.17 244.78 218.65
