vehicle 1095.59 184.95 1223.00 236.32
vehicle 1032.13 183.83 1157.42 232.60
vehicle 952.69 181.87 1068.66 234.42
vehicle 602.54 172.48 636.72 202.80
person 1107.44 153.57 1189.77 348.48
person 1130.15 167.86 1185.41 334.07
person 701.07 155.20 767.40 297.15
person 262.41 156.12 284.41 231.39
person 319.43 155.98 349.10 228.84
person 337.77 159.05 356.44 235.16
person 361.54 157.72 399.21 255.07
person 411.85 161.32 451.19 247.18
person 240.34 155.11 275.67 243.72
person 285.43 157.49 319.77 243.47
person 320.34 164.63 350.01 241.52
person 278.25 158.84 322.01 236.23
