vehicle 587.27 175.34 666.88 250.56
vehicle 788.25 135.76 1038.16 301.63
vehicle 711.07 170.35 860.12 238.49
vehicle 670.91 171.17 749.90 204.51
vehicle 656.56 174.33 709.46 199.02
vehicle 19.87 176.72 227.80 262.12
vehicle 0.00 75.69 313.84 339.73
vehicle 209.99 180.95 324.80 238.01
vehicle 315.13 187.42 389.83 223.70
vehicle 428.44 180.39 474.17 204.61
vehicle 454.91 174.88 487.93 201.00
vehicle 486.79 174.68 519.18 193.42
vehicle 526.95 177.21 558.32 191.37
vehicle 1104.36 181.59 1241.00 221.17
vehicle 133.98 180.73 223.34 226.30
