vehicle 586.40 183.37 641.66 228.75
vehicle 32.35 184.89 296.73 364.68
vehicle 195.79 180.20 412.06 297.53
vehicle 353.36 180.70 498.23 241.26
vehicle 397.95 178.23 511.36 232.09
vehicle 440.53 179.64 530.08 217.31
vehicle 458.38 156.81 560.37 211.36
vehicle 896.31 160.21 1241.00 374.00
person 732.06 179.46 758.39 241.52
vehicle 887.26 175.83 1083.05 250.36
vehicle 591.94 179.40 626.40 210.84
vehicle 0.00 183.80 198.56 288.29
vehicle 1060.24 146.04 1241.00 254.59
vehicle 192.41 172.23 290.89 216.36
vehicle 394.01 158.35 450.71 199.52
