vehicle 1093.29 150.71 1241.00 262.83
vehicle 1000.37 155.92 1188.80 248.00
vehicle 928.43 167.63 1100.83 237.23
vehicle 889.31 170.17 1022.34 228.33
vehicle 806.33 173.20 1194.65 374.00
vehicle 744.88 188.02 886.16 282.65
vehicle 301.20 184.97 491.67 306.91
vehicle 411.51 162.41 539.24 259.27
vehicle 854.12 171.01 968.19 220.37
vehicle 785.35 163.79 903.43 213.81
vehicle 773.54 159.74 920.10 209.72
vehicle 484.35 181.23 556.27 240.03
vehicle 510.13 181.32 572.46 226.40
vehicle 722.65 170.54 797.39 196.20
vehicle 626.79 135.57 695.96 208.99
