vehicle 596.27 182.32 659.58 234.06
vehicle 0.00 178.80 161.09 374.00
vehicle 36.63 182.62 376.29 354.16
vehicle 344.54 178.93 498.27 260.79
vehicle 376.73 175.21 499.83 237.91
vehicle 465.42 176.05 560.90 213.78
vehicle 545.95 160.69 601.02 188.16
vehicle 801.77 192.09 1042.38 320.78
vehicle 733.05 171.83 851.54 251.63
person 710.67 178.75 740.67 241.14
vehicle 692.31 179.41 744.75 215.46
vehicle 683.13 171.74 731.89 209.93
vehicle 605.76 174.15 643.47 208.16
vehicle 11.27 164.83 182.54 223.72
vehicle 808.09 160.83 913.09 201.92
