vehicle 0.00 196.22 148.32 358.84
vehicle 12.47 190.49 335.59 306.93
vehicle 144.84 184.01 403.84 283.80
vehicle 224.28 178.48 409.87 266.21
vehicle 243.01 178.74 454.03 254.50
vehicle 287.08 178.54 429.75 240.81
vehicle 335.08 180.73 472.98 234.06
vehicle 340.41 180.07 482.96 229.08
vehicle 395.17 176.32 500.24 219.93
vehicle 403.71 166.88 512.50 217.04
vehicle 565.79 177.36 575.60 201.97
vehicle 704.97 186.78 813.02 267.24
vehicle 768.19 175.21 932.90 240.62
vehicle 696.69 174.94 782.33 213.07
vehicle 636.66 181.02 666.08 203.31
