vehicle 1168.80 146.70 1241.00 270.66
vehicle 1044.41 153.40 1241.00 258.00
vehicle 957.07 163.79 1144.38 240.69
vehicle 904.80 167.39 1047.82 230.54
vehicle 846.65 179.35 1241.00 374.00
vehicle 757.68 186.41 930.06 296.30
vehicle 240.27 183.22 476.59 328.30
vehicle 385.53 158.15 530.13 266.41
vehicle 867.08 167.65 988.29 220.53
vehicle 793.05 159.09 919.32 212.33
vehicle 778.49 156.19 933.59 208.92
vehicle 471.84 177.79 550.91 241.60
vehicle 502.71 178.17 570.19 225.87
vehicle 626.99 132.80 698.94 209.02
