person 334.79 159.07 352.84 197.98
person 436.42 164.73 452.42 193.93
person 331.64 155.45 339.80 187.02
vehicle 960.95 180.90 1069.25 229.10
vehicle 1034.27 183.18 1155.26 229.33
vehicle 1097.67 183.53 1223.00 230.26
person 355.55 154.44 365.94 188.00
person 311.29 164.16 337.86 238.11
person 383.71 159.43 420.11 243.50
vehicle 553.33 161.21 579.11 220.79
vehicle 601.65 171.69 637.74 199.90
person 288.41 155.51 305.62 199.10
person 220.65 153.26 230.98 197.15
person 934.40 171.30 944.88 208.02
