vehicle 585.92 179.82 642.42 225.42
vehicle 0.00 121.12 131.80 374.00
vehicle 224.60 182.74 421.77 283.35
vehicle 316.55 164.63 483.12 259.41
vehicle 398.62 181.37 523.21 231.52
vehicle 416.75 178.07 526.90 223.07
vehicle 460.56 178.91 538.39 210.73
vehicle 485.43 175.30 553.38 203.82
vehicle 691.02 141.79 821.63 250.38
vehicle 655.97 178.00 687.76 203.00
vehicle 588.42 174.96 624.37 206.78
vehicle 0.00 186.75 201.22 287.94
vehicle 55.40 179.27 212.10 233.37
vehicle 270.73 152.87 378.16 227.62
vehicle 195.98 172.77 285.37 217.80
