vehicle 0.00 198.75 169.66 374.00
vehicle 0.00 184.39 309.73 335.32
vehicle 68.89 177.37 337.63 299.87
vehicle 122.05 177.31 406.32 277.37
vehicle 203.64 177.09 388.61 256.03
vehicle 270.37 182.58 443.15 248.42
vehicle 284.59 177.09 457.40 235.92
vehicle 356.55 173.25 480.30 223.97
vehicle 372.34 164.86 498.20 222.47
vehicle 556.99 178.35 568.32 206.27
vehicle 733.19 190.20 899.31 306.54
vehicle 801.53 173.95 1014.00 256.41
vehicle 703.25 181.70 819.22 219.94
vehicle 705.79 172.79 802.84 215.76
vehicle 442.37 178.95 530.01 208.18
vehicle 636.47 178.96 668.76 203.26
