vehicle 928.32 215.06 1241.00 374.00
vehicle 714.09 168.57 863.95 286.66
vehicle 0.00 179.60 345.44 300.25
vehicle 138.80 174.95 391.66 272.32
vehicle 191.98 160.96 384.51 259.45
vehicle 249.37 181.78 408.57 243.36
vehicle 334.46 179.75 473.62 232.73
vehicle 368.48 178.52 495.52 229.63
vehicle 383.19 171.01 484.20 220.79
vehicle 384.76 172.33 508.49 217.90
vehicle 451.10 161.68 530.48 198.68
vehicle 573.92 170.47 581.09 189.07
vehicle 662.11 181.01 715.85 223.77
vehicle 628.04 175.37 651.47 193.42
