vehicle 596.80 181.81 659.94 233.33
vehicle 0.00 189.15 308.49 374.00
vehicle 315.65 178.50 485.26 271.21
vehicle 355.26 177.20 494.28 246.40
vehicle 456.35 174.54 557.36 214.69
vehicle 544.36 159.56 600.80 187.84
vehicle 832.98 195.62 1153.57 359.92
vehicle 744.02 170.02 879.75 258.98
person 718.43 175.91 750.76 243.94
vehicle 714.69 179.67 789.91 229.25
vehicle 696.29 179.22 752.82 217.57
vehicle 686.11 172.67 737.88 212.86
vehicle 127.27 180.35 312.85 250.54
vehicle 606.29 172.24 643.48 206.15
vehicle 0.00 168.08 149.72 232.15
vehicle 265.86 175.48 378.85 229.14
vehicle 814.87 159.28 924.06 201.84
