vehicle 592.72 175.66 644.78 217.98
vehicle 9.22 189.92 245.07 342.80
vehicle 146.75 179.97 360.08 295.84
vehicle 313.50 180.68 446.28 238.02
vehicle 484.78 185.43 563.57 242.25
vehicle 515.61 178.15 578.41 225.47
vehicle 415.07 173.70 515.38 214.64
vehicle 739.01 187.97 932.60 313.84
vehicle 679.47 88.96 824.70 239.58
person 842.64 161.99 869.98 253.12
vehicle 653.25 175.26 694.30 208.46
vehicle 627.69 144.28 667.44 195.59
vehicle 589.17 174.05 623.94 205.77
vehicle 144.13 181.00 246.94 224.67
