vehicle 587.45 184.11 640.49 227.78
vehicle 0.00 184.15 263.26 374.00
vehicle 269.99 186.44 441.59 272.05
vehicle 331.18 136.57 514.34 249.58
vehicle 402.79 187.08 524.99 233.63
vehicle 514.08 172.69 571.37 200.58
person 1056.15 159.06 1165.82 374.00
vehicle 641.81 166.98 679.37 202.51
vehicle 592.25 177.62 626.18 208.57
vehicle 428.90 170.99 547.67 224.16
vehicle 0.00 183.70 132.29 237.72
vehicle 22.34 183.05 259.03 280.66
vehicle 224.96 173.92 343.34 236.77
person 109.83 164.35 133.16 224.59
person 220.48 173.20 239.98 209.96
vehicle 305.65 143.32 396.04 200.97
