vehicle 545.76 183.66 592.35 221.94
vehicle 27.75 201.60 464.08 374.00
vehicle 94.93 183.55 327.03 300.00
vehicle 314.43 187.51 448.21 237.12
vehicle 371.17 182.02 470.89 229.04
vehicle 419.18 184.46 506.44 218.01
vehicle 452.21 184.49 517.36 213.99
vehicle 462.99 173.55 531.41 206.57
vehicle 838.27 0.00 1158.50 374.00
vehicle 667.40 185.88 769.22 263.55
vehicle 659.73 187.52 723.73 241.07
vehicle 637.68 184.71 696.28 229.63
vehicle 613.90 135.37 677.94 216.59
vehicle 1.31 188.63 161.16 244.52
vehicle 560.02 181.86 594.48 212.59
