vehicle 588.21 174.74 678.51 260.04
vehicle 894.73 111.47 1231.48 374.00
vehicle 742.33 169.38 916.19 257.30
vehicle 680.86 169.08 767.50 206.26
vehicle 664.92 171.75 721.73 198.40
vehicle 654.48 171.65 708.14 192.79
vehicle 0.00 177.88 148.63 281.00
vehicle 133.60 176.01 281.15 244.36
vehicle 278.15 185.69 367.07 226.75
vehicle 415.70 177.34 466.35 203.60
vehicle 446.74 171.65 483.23 199.70
vehicle 482.37 174.07 516.70 193.85
vehicle 525.66 174.41 558.55 189.25
vehicle 1184.19 185.81 1241.00 231.04
vehicle 51.19 182.14 164.17 235.97
