vehicle 1094.61 184.13 1223.00 235.41
vehicle 1032.43 183.91 1157.02 232.67
vehicle 952.85 181.75 1068.74 234.28
vehicle 602.51 172.60 636.61 202.92
vehicle 465.56 168.02 494.44 214.39
person 188.98 150.13 202.61 197.56
person 216.48 152.95 243.49 222.03
vehicle 727.90 144.89 805.47 260.53
person 258.39 154.98 277.79 204.97
person 226.75 152.42 246.27 203.10
person 479.46 158.95 524.10 277.23
person 505.87 153.77 582.12 266.33
person 567.01 153.27 624.19 279.91
person 877.38 146.32 959.53 334.02
person 886.61 151.91 966.45 318.10
person 653.13 155.76 729.23 332.29
person 678.03 152.57 731.24 317.87
person 729.02 160.41 791.53 302.85
person 520.04 155.60 569.73 292.52
