vehicle 586.11 178.30 655.56 234.75
vehicle 0.00 165.96 66.36 259.06
vehicle 755.41 130.72 972.42 310.09
person 88.76 127.56 194.09 374.00
vehicle 93.95 156.74 249.57 231.84
vehicle 257.40 164.62 443.24 266.47
vehicle 317.35 176.02 478.35 245.87
vehicle 364.78 177.44 512.12 235.22
vehicle 450.98 172.99 541.84 216.44
vehicle 502.16 169.24 568.46 195.58
vehicle 700.81 179.68 779.47 230.06
vehicle 681.39 172.24 740.36 217.33
person 669.75 171.26 687.75 209.85
vehicle 591.26 172.84 631.34 209.42
vehicle 235.73 166.37 324.26 202.43
