vehicle 575.30 178.95 751.40 345.12
vehicle 1171.12 179.03 1241.00 374.00
vehicle 720.21 170.72 842.95 227.91
vehicle 689.07 174.28 763.03 210.32
vehicle 668.16 175.59 734.77 202.74
vehicle 451.10 182.11 503.35 215.12
vehicle 38.05 195.11 229.72 269.83
vehicle 554.94 176.06 583.19 194.88
vehicle 599.29 173.88 621.72 189.63
vehicle 352.65 182.59 425.57 218.21
vehicle 401.31 175.66 451.55 211.76
vehicle 457.54 178.07 501.18 202.40
vehicle 514.43 178.33 554.44 195.72
vehicle 234.17 180.94 311.86 217.60
vehicle 219.49 180.38 302.03 207.47
