vehicle 582.33 176.16 633.43 217.08
vehicle 0.00 174.60 189.20 374.00
vehicle 222.82 184.47 388.22 261.66
vehicle 433.87 188.64 543.49 266.21
vehicle 485.43 181.09 565.34 240.55
vehicle 374.59 172.00 491.35 220.67
vehicle 807.12 198.40 1241.00 374.00
vehicle 688.24 62.46 894.34 268.50
person 909.52 161.32 958.52 293.02
vehicle 650.41 174.74 699.04 213.20
vehicle 623.91 140.16 666.94 196.57
vehicle 267.34 177.11 337.17 208.49
vehicle 576.16 175.23 610.24 206.34
vehicle 17.50 177.11 162.59 232.06
