vehicle 583.51 181.73 639.74 227.68
vehicle 90.82 186.16 350.61 332.30
vehicle 238.08 163.14 446.21 288.74
vehicle 362.22 185.95 505.62 246.35
vehicle 385.87 182.46 510.69 235.10
vehicle 443.05 183.75 528.98 219.53
vehicle 474.13 182.35 548.14 213.90
vehicle 704.85 139.30 876.89 276.96
vehicle 693.99 185.16 776.28 240.64
vehicle 658.13 184.45 693.82 212.11
vehicle 637.56 165.35 667.04 195.96
vehicle 590.26 179.45 626.90 211.37
vehicle 0.00 193.85 67.37 305.51
vehicle 0.00 183.80 144.76 249.72
vehicle 207.39 149.29 344.51 238.58
vehicle 132.11 176.80 240.88 228.43
