vehicle 0.00 184.92 168.53 348.31
vehicle 0.00 190.74 316.77 313.75
vehicle 63.69 181.27 361.23 278.84
vehicle 225.42 181.68 416.01 257.07
vehicle 261.20 169.40 444.33 250.99
vehicle 528.37 186.25 544.82 224.80
vehicle 936.35 228.74 1241.00 374.00
vehicle 964.89 176.94 1241.00 346.32
vehicle 892.35 188.82 1200.53 308.44
vehicle 828.88 191.55 1048.96 280.09
vehicle 811.26 186.35 969.43 260.87
vehicle 757.23 187.41 936.54 255.10
vehicle 728.64 189.22 889.80 242.65
vehicle 727.11 179.35 858.34 236.81
vehicle 391.47 188.17 503.49 225.57
vehicle 421.29 188.38 516.50 222.32
vehicle 634.00 187.69 674.05 218.28
vehicle 623.63 184.32 648.09 205.42
vehicle 609.96 175.10 625.24 193.03
