vehicle 589.39 174.03 649.60 223.02
vehicle 0.00 191.70 232.46 374.00
vehicle 120.91 189.17 355.73 307.13
vehicle 307.59 175.52 434.06 241.05
vehicle 443.65 185.80 552.21 252.57
vehicle 417.07 175.87 502.24 213.44
vehicle 826.59 0.00 1241.00 374.00
person 841.27 175.74 882.61 308.75
vehicle 722.67 177.20 898.01 289.29
vehicle 691.34 180.89 801.11 248.84
vehicle 676.08 168.57 744.31 223.73
vehicle 643.23 175.03 677.44 201.17
vehicle 635.67 142.65 681.08 195.54
vehicle 0.00 136.63 196.86 294.35
vehicle 593.36 171.71 631.67 206.66
vehicle 215.11 176.59 295.52 211.13
