person 673.57 146.69 690.91 204.21
person 277.45 137.77 311.45 258.52
person 786.84 141.95 846.84 330.99
person 784.79 135.37 850.12 295.75
person 696.64 138.55 809.25 320.47
person 709.04 143.33 779.37 341.19
person 548.87 141.53 583.54 227.16
person 586.75 136.04 621.42 225.55
person 549.38 140.75 580.05 217.78
person 508.96 142.87 539.29 223.19
person 572.04 145.51 588.71 209.90
person 433.69 141.52 458.69 222.27
person 456.42 147.44 478.75 217.32
person 483.00 137.39 504.66 215.81
vehicle 0.00 0.00 267.69 369.00
