vehicle 586.88 172.95 688.19 268.65
vehicle 1063.52 79.05 1241.00 374.00
vehicle 767.30 167.96 979.04 276.61
vehicle 686.80 167.45 779.02 207.88
vehicle 669.03 170.94 728.99 199.22
vehicle 655.77 170.99 711.98 193.21
vehicle 0.00 178.78 63.50 282.82
vehicle 63.67 177.87 243.32 256.34
vehicle 242.64 184.72 345.30 230.19
vehicle 403.96 175.99 457.78 203.90
vehicle 436.60 170.23 475.86 199.95
vehicle 477.43 172.51 513.48 193.16
vehicle 522.28 172.93 556.53 188.33
vehicle 311.58 174.47 369.13 203.11
vehicle 0.00 180.90 108.17 242.80
