vehicle 581.74 177.54 734.80 322.00
vehicle 1188.81 180.84 1241.00 374.00
vehicle 721.03 171.52 844.61 229.11
vehicle 689.87 175.43 763.95 211.64
vehicle 668.92 176.43 735.69 203.74
vehicle 414.46 184.52 478.89 224.08
vehicle 34.12 196.44 228.05 271.94
vehicle 543.68 176.78 573.04 197.06
vehicle 589.81 174.04 613.45 190.74
vehicle 351.73 183.62 425.66 219.52
vehicle 400.05 176.46 450.96 212.64
vehicle 457.11 178.63 500.84 203.02
vehicle 514.22 179.01 554.34 196.50
vehicle 232.97 181.51 310.83 218.33
vehicle 218.64 180.70 301.40 207.88
