person 651.24 145.73 675.25 202.49
person 255.96 139.60 298.93 260.59
person 878.42 136.32 967.12 369.00
person 790.39 145.50 885.92 369.00
person 1050.00 140.45 1223.00 369.00
person 1126.63 148.57 1223.00 369.00
person 809.74 153.22 845.89 229.00
person 532.67 148.59 601.78 366.78
person 577.98 159.45 628.05 330.45
person 625.20 142.02 683.32 330.82
person 680.07 168.91 730.60 319.75
person 712.67 144.79 773.33 309.95
person 780.76 157.40 844.66 315.51
person 520.62 142.04 556.61 250.64
person 581.71 147.40 633.02 248.71
person 618.03 137.88 673.49 247.25
person 677.58 141.51 734.22 245.14
vehicle 0.00 0.00 267.32 369.00
