vehicle 589.20 171.01 658.89 236.88
vehicle 1154.28 181.23 1241.00 374.00
vehicle 903.53 152.62 1168.18 335.90
vehicle 728.40 143.90 916.73 249.97
vehicle 689.81 168.05 808.35 221.02
vehicle 662.71 167.28 733.04 196.60
vehicle 655.90 169.09 704.43 191.53
vehicle 161.47 172.35 303.21 237.12
vehicle 359.70 134.93 469.35 223.23
vehicle 278.57 175.87 367.15 222.71
vehicle 353.46 181.54 415.06 212.01
vehicle 443.19 173.86 484.07 195.81
vehicle 466.08 169.20 496.11 193.16
vehicle 494.77 171.19 524.54 188.66
vehicle 202.60 179.45 274.22 218.29
