person 673.16 146.36 695.66 202.95
person 259.45 135.83 295.13 257.23
person 785.74 146.22 881.66 369.00
person 882.23 134.06 974.51 369.00
person 685.80 142.11 742.44 285.53
person 639.80 141.84 703.84 279.59
person 773.91 139.95 819.36 276.84
person 812.29 145.41 895.42 275.54
person 1033.22 174.43 1069.30 251.91
person 487.91 142.29 532.14 278.58
person 511.88 152.94 541.81 268.38
person 546.80 138.24 586.20 265.71
person 596.91 158.62 629.09 262.86
person 596.94 141.59 635.38 252.78
person 462.50 143.07 493.95 227.79
person 538.93 146.77 574.99 224.56
person 580.82 142.64 605.92 226.57
person 625.49 141.47 652.94 221.36
vehicle 0.00 0.00 267.44 369.00
