person 660.45 145.86 680.34 203.19
person 278.08 138.75 316.92 260.02
person 1001.11 183.47 1212.55 369.00
person 1062.39 174.69 1223.00 369.00
person 585.25 148.92 608.86 211.43
person 657.50 141.35 703.83 279.21
person 640.49 137.40 700.76 257.26
person 594.61 142.71 640.09 278.89
person 585.91 139.25 632.67 280.05
person 525.74 141.69 556.90 213.17
person 550.75 138.24 577.03 213.26
person 517.58 142.76 542.43 210.11
person 488.18 143.86 513.32 215.23
person 404.52 142.75 430.15 213.97
person 438.03 148.80 459.68 211.36
person 466.77 140.37 489.85 211.02
vehicle 0.00 0.00 267.77 369.00
