vehicle 561.61 177.50 609.66 216.61
vehicle 0.00 190.25 222.22 332.65
vehicle 265.91 197.84 495.08 350.15
vehicle 411.08 183.29 536.14 274.68
vehicle 291.60 176.47 441.15 242.05
vehicle 387.13 175.59 488.50 211.23
vehicle 485.02 168.63 543.52 196.43
vehicle 708.56 0.00 1140.02 358.43
person 1196.25 157.54 1241.00 374.00
vehicle 649.31 179.50 711.23 228.44
vehicle 632.00 178.86 674.57 211.90
vehicle 611.50 136.97 664.93 202.06
vehicle 175.98 178.00 270.45 216.50
vehicle 561.23 174.52 594.63 204.99
