vehicle 592.34 175.02 645.10 217.90
vehicle 92.15 188.73 299.39 314.26
vehicle 198.13 175.60 389.56 275.69
vehicle 334.33 180.23 458.94 233.07
vehicle 493.59 184.37 565.67 236.46
vehicle 522.44 176.92 580.33 221.32
vehicle 424.46 169.00 520.44 207.87
vehicle 724.96 183.43 882.24 288.32
vehicle 676.87 95.20 808.57 233.37
person 821.51 161.71 850.51 244.15
vehicle 651.34 172.22 690.12 203.95
vehicle 627.49 142.04 666.46 191.83
vehicle 591.05 174.16 625.92 205.98
vehicle 175.42 176.75 268.66 217.48
