vehicle 748.26 150.35 1071.41 373.69
vehicle 0.00 190.41 119.86 374.00
vehicle 0.00 191.67 230.81 357.11
vehicle 0.00 178.57 298.64 297.28
vehicle 158.71 155.71 421.66 260.61
vehicle 116.38 171.13 359.58 277.79
vehicle 707.66 177.92 846.09 268.30
vehicle 233.20 160.04 413.30 246.41
vehicle 295.98 178.28 450.83 242.44
vehicle 303.43 170.14 466.27 231.43
vehicle 392.91 167.84 503.97 208.60
vehicle 429.36 162.40 518.15 204.26
vehicle 651.53 173.33 698.51 209.93
vehicle 682.50 174.41 770.03 240.81
vehicle 639.21 166.09 673.62 196.58
