vehicle 577.77 172.90 744.40 330.16
vehicle 999.56 168.67 1241.00 374.00
vehicle 710.25 168.16 827.49 221.13
vehicle 684.55 171.87 755.02 206.27
vehicle 665.69 172.81 730.42 198.86
vehicle 0.00 187.01 47.55 289.06
vehicle 582.62 172.78 605.33 187.72
vehicle 89.35 192.58 256.96 259.28
vehicle 363.90 180.28 432.10 214.00
vehicle 408.23 172.66 456.31 207.37
vehicle 461.35 174.95 503.19 198.39
vehicle 515.15 175.27 553.72 192.28
vehicle 249.24 177.80 323.73 212.59
vehicle 235.01 177.90 313.30 203.66
