person 898.84 144.10 945.50 258.95
vehicle 264.50 178.95 370.70 347.96
vehicle 412.64 169.72 457.78 261.78
vehicle 715.16 171.51 869.43 285.90
vehicle 674.35 162.67 771.38 247.91
vehicle 658.57 162.81 730.68 229.21
vehicle 652.87 169.78 702.75 215.38
person 626.38 162.76 635.38 195.35
person 631.79 163.66 642.12 195.21
vehicle 530.15 167.38 555.92 193.48
person 585.14 167.65 592.14 189.97
vehicle 457.69 176.01 506.61 213.16
vehicle 0.00 199.00 305.18 374.00
vehicle 236.40 187.06 402.65 285.85
vehicle 405.17 174.93 480.71 229.07
