vehicle 574.05 177.52 630.78 223.63
vehicle 23.68 191.05 330.65 374.00
vehicle 160.20 180.59 399.95 300.64
vehicle 342.96 180.55 476.72 240.64
vehicle 412.73 176.90 520.08 224.11
vehicle 490.60 172.95 564.02 203.61
vehicle 873.47 0.00 1241.00 374.00
vehicle 777.39 187.97 1011.88 320.19
vehicle 673.42 181.72 729.95 221.33
vehicle 641.39 160.98 678.65 199.20
vehicle 298.08 179.68 381.00 221.79
vehicle 591.37 175.33 628.48 209.18
vehicle 0.00 125.14 65.04 289.71
vehicle 0.00 180.81 126.73 232.91
vehicle 200.68 177.11 288.74 211.82
