vehicle 1073.82 211.29 1241.00 374.00
vehicle 819.36 182.88 1134.44 374.00
vehicle 0.00 108.44 41.03 299.38
vehicle 0.00 186.80 82.20 249.98
vehicle 810.15 151.53 944.22 274.22
vehicle 576.37 161.28 622.13 209.79
vehicle 822.02 131.86 1025.83 208.44
vehicle 408.05 176.44 468.22 213.20
vehicle 329.85 163.17 402.40 213.57
vehicle 510.70 168.27 545.26 196.81
vehicle 710.31 166.79 773.15 202.57
vehicle 642.45 148.20 674.76 182.83
vehicle 756.22 165.66 821.99 203.78
vehicle 602.17 136.43 633.95 184.70
vehicle 193.27 177.50 284.18 215.46
vehicle 95.32 181.60 177.45 215.69
