person 636.73 145.24 660.73 202.41
person 243.94 139.35 287.27 259.19
person 597.27 139.17 627.93 209.50
person 815.48 114.85 1173.90 369.00
person 758.21 170.96 972.68 369.00
person 800.50 126.74 1001.08 369.00
person 901.42 189.68 1083.80 369.00
person 936.08 146.03 1143.14 369.00
person 1060.99 161.97 1223.00 369.00
person 491.73 163.79 584.06 369.00
person 568.15 142.89 629.81 309.51
person 689.12 153.99 746.12 305.62
person 738.93 138.85 797.93 301.04
person 800.32 135.48 885.99 287.63
vehicle 0.00 0.00 267.19 369.00
