vehicle 0.00 186.71 455.49 374.00
vehicle 1170.18 225.90 1241.00 374.00
vehicle 837.69 178.46 1241.00 374.00
vehicle 1218.94 133.92 1241.00 225.41
vehicle 1079.68 132.05 1241.00 253.32
vehicle 937.25 128.29 1189.89 243.39
vehicle 361.38 180.23 487.65 267.71
vehicle 433.67 178.56 529.92 240.95
vehicle 915.63 158.11 1020.21 214.81
vehicle 841.80 164.28 938.19 211.42
vehicle 810.70 163.58 892.99 206.65
vehicle 793.38 167.91 877.67 206.13
vehicle 677.87 175.77 739.29 223.55
vehicle 513.68 173.73 569.18 213.63
vehicle 534.37 165.29 582.40 207.34
vehicle 726.20 163.23 790.27 191.65
vehicle 626.67 143.37 673.80 192.11
