vehicle 579.01 180.41 635.51 226.38
vehicle 0.00 182.94 197.12 374.00
vehicle 106.87 155.11 381.39 341.31
vehicle 311.41 182.06 480.25 257.00
vehicle 347.78 176.91 492.74 239.28
vehicle 420.93 177.44 516.81 217.72
vehicle 460.20 175.82 541.46 210.47
vehicle 724.77 115.72 972.03 303.50
vehicle 708.45 183.13 810.41 249.01
vehicle 660.57 180.10 701.00 209.97
vehicle 638.06 164.98 669.13 197.45
vehicle 589.53 173.00 625.16 205.45
vehicle 0.00 176.02 52.38 241.89
vehicle 112.38 143.61 296.86 254.43
vehicle 46.34 167.39 183.92 227.79
