vehicle 844.30 184.19 1241.00 374.00
vehicle 0.00 189.29 38.28 254.38
vehicle 829.95 148.32 983.25 286.74
vehicle 568.94 161.03 616.44 211.66
vehicle 824.48 129.62 1037.28 209.62
vehicle 393.35 177.52 457.18 215.95
vehicle 310.82 163.75 388.33 216.45
vehicle 501.83 168.83 537.85 198.39
vehicle 708.30 167.41 774.03 204.59
vehicle 637.64 148.77 670.73 184.15
vehicle 755.23 166.21 823.86 205.75
vehicle 1093.00 130.51 1241.00 192.92
vehicle 595.60 136.47 628.84 185.82
vehicle 167.02 179.65 264.82 219.48
vehicle 63.15 183.95 151.98 220.03
