vehicle 543.99 183.72 590.44 221.89
vehicle 0.00 207.99 429.95 374.00
vehicle 20.94 184.67 283.18 324.73
vehicle 294.15 187.42 435.87 241.36
vehicle 357.06 181.95 462.36 232.29
vehicle 410.37 184.20 501.77 219.61
vehicle 445.33 184.07 513.39 215.02
vehicle 458.26 172.92 529.23 207.29
vehicle 674.70 186.76 792.61 274.86
vehicle 666.60 189.13 737.47 248.18
vehicle 640.28 184.71 704.58 233.03
vehicle 615.11 132.41 681.92 218.10
vehicle 203.98 186.31 287.09 223.69
vehicle 560.91 180.65 595.80 211.35
