vehicle 601.34 182.57 681.06 258.45
vehicle 736.79 175.22 881.58 246.01
vehicle 694.68 180.54 777.76 222.17
vehicle 670.34 182.26 743.58 212.93
vehicle 0.00 206.08 127.62 298.34
vehicle 423.87 186.40 488.82 226.78
vehicle 524.74 182.56 560.74 208.17
vehicle 571.71 180.85 596.98 199.91
vehicle 311.74 191.07 397.75 233.13
vehicle 371.43 182.21 430.26 222.57
vehicle 438.18 183.69 484.70 210.36
vehicle 502.54 185.20 544.87 204.21
vehicle 175.38 187.71 268.19 230.40
vehicle 166.22 186.14 262.01 217.12
