vehicle 767.66 178.12 1048.12 374.00
vehicle 0.00 189.03 201.55 374.00
vehicle 0.00 178.19 305.62 320.93
vehicle 41.46 161.05 315.94 295.97
vehicle 146.60 184.89 358.62 264.94
vehicle 269.27 184.98 444.92 251.24
vehicle 318.52 181.12 474.65 243.28
vehicle 346.93 177.75 467.78 236.67
vehicle 349.00 173.88 494.72 227.19
vehicle 402.00 177.72 503.75 217.86
vehicle 439.99 168.46 527.99 209.41
vehicle 573.89 176.75 581.81 197.20
vehicle 674.00 183.84 739.10 235.67
vehicle 725.31 171.69 842.50 219.65
vehicle 682.33 173.03 753.19 204.80
vehicle 632.05 179.81 657.44 199.20
