vehicle 404.53 172.48 512.41 244.98
vehicle 924.97 140.80 1000.77 204.50
vehicle 855.12 145.23 914.25 199.37
person 538.59 161.13 562.45 216.62
vehicle 704.99 158.44 744.25 194.84
person 407.08 162.43 428.71 223.94
vehicle 822.80 155.42 848.94 194.87
person 241.00 176.94 261.98 224.94
person 234.73 179.23 257.92 225.50
vehicle 290.86 170.02 360.35 231.75
person 325.47 173.88 346.41 221.50
person 316.45 170.75 342.09 228.59
person 408.83 161.21 425.17 220.38
vehicle 1071.54 144.87 1195.93 180.76
vehicle 973.36 158.19 1082.68 188.13
