person 686.63 148.52 710.82 205.41
person 275.39 133.87 311.40 253.88
person 1063.62 128.90 1223.00 369.00
person 619.07 144.84 664.95 268.55
person 674.57 132.44 721.87 262.13
person 588.17 138.72 623.68 236.73
person 558.21 139.67 595.65 239.42
person 628.45 141.73 663.81 230.50
person 677.82 146.23 705.26 229.37
person 453.87 140.33 485.41 242.55
person 483.35 149.24 510.99 234.43
person 509.06 137.03 539.61 231.68
person 542.77 154.19 566.95 232.96
person 488.63 142.68 541.00 227.38
vehicle 0.00 0.00 267.57 369.00
