vehicle 594.54 185.04 658.57 237.85
vehicle 1052.67 80.10 1241.00 374.00
vehicle 0.00 161.47 123.58 374.00
vehicle 43.05 187.73 344.66 357.29
vehicle 191.70 186.98 445.16 300.85
vehicle 386.69 177.05 516.53 243.41
vehicle 410.01 177.15 517.21 230.03
vehicle 478.39 177.07 563.72 211.11
vehicle 549.12 162.58 600.89 188.66
vehicle 762.73 191.02 922.45 283.79
vehicle 715.64 173.95 809.58 240.11
person 699.60 177.45 721.93 231.49
vehicle 677.89 172.39 722.38 207.70
vehicle 604.85 176.73 642.46 211.01
vehicle 99.41 172.05 235.31 222.30
vehicle 795.79 163.95 893.29 202.37
