vehicle 587.79 175.45 673.45 256.38
vehicle 839.73 125.42 1131.97 346.50
vehicle 726.74 170.78 891.52 249.26
vehicle 676.50 170.45 760.02 205.96
vehicle 661.17 172.93 716.24 198.67
vehicle 652.23 173.48 704.42 194.05
vehicle 0.00 177.21 186.57 275.67
vehicle 167.87 180.26 300.25 243.45
vehicle 294.63 186.44 377.22 225.44
vehicle 422.12 178.98 470.90 204.31
vehicle 449.98 173.53 485.83 200.72
vehicle 484.68 175.09 518.21 194.45
vehicle 526.09 175.77 558.36 190.33
vehicle 1148.62 184.44 1241.00 227.21
vehicle 90.01 181.49 191.62 231.44
