vehicle 831.14 197.40 1241.00 374.00
vehicle 700.55 171.15 823.23 270.19
vehicle 95.14 176.19 385.47 276.23
vehicle 204.57 173.93 419.07 257.74
vehicle 241.04 160.58 408.24 247.35
vehicle 286.56 180.37 427.95 235.60
vehicle 357.64 176.87 483.74 225.14
vehicle 387.60 177.26 503.75 224.21
vehicle 399.55 170.33 492.65 216.43
vehicle 399.36 171.83 514.37 214.30
vehicle 458.34 162.92 533.95 198.23
vehicle 576.18 173.06 582.97 190.84
vehicle 657.41 179.39 707.08 218.79
vehicle 626.77 174.25 649.36 191.71
