vehicle 569.23 179.43 620.53 219.43
vehicle 126.97 188.65 324.11 288.95
vehicle 373.56 191.98 522.31 294.73
vehicle 454.10 183.85 550.17 256.41
vehicle 338.04 173.96 470.57 229.85
vehicle 927.42 221.45 1241.00 374.00
vehicle 695.66 35.35 977.07 305.01
person 977.52 164.05 1075.86 350.00
vehicle 646.31 182.76 701.15 226.14
vehicle 632.50 181.30 671.24 211.55
vehicle 617.63 145.84 664.62 206.25
vehicle 223.73 178.20 304.40 212.82
vehicle 567.99 178.49 601.68 209.24
vehicle 0.00 181.44 85.66 243.20
