vehicle 0.00 172.59 129.82 374.00
vehicle 0.00 170.85 288.71 336.41
vehicle 0.00 174.13 286.56 291.06
vehicle 128.81 187.21 380.87 280.49
vehicle 173.12 178.38 407.74 256.69
vehicle 286.63 172.61 445.42 236.34
vehicle 312.33 162.15 468.91 232.75
vehicle 540.89 177.12 555.00 210.75
vehicle 808.83 201.91 1234.94 374.00
vehicle 876.62 172.42 1206.32 294.28
vehicle 836.08 182.25 1064.48 273.78
vehicle 794.06 184.12 969.27 255.40
vehicle 784.59 179.13 915.35 241.01
vehicle 739.97 179.71 892.75 237.10
vehicle 716.18 182.26 856.87 228.50
vehicle 717.74 172.96 833.71 223.96
vehicle 414.48 175.63 515.62 209.17
vehicle 439.82 179.11 526.88 209.92
vehicle 634.34 179.37 671.04 206.83
vehicle 627.01 178.20 650.18 197.91
vehicle 612.87 168.27 627.87 185.67
