vehicle 596.45 182.83 659.50 234.46
vehicle 225.96 177.33 442.50 306.47
vehicle 292.79 181.93 465.56 270.02
vehicle 434.55 181.25 548.85 227.85
vehicle 476.58 177.17 550.13 212.54
vehicle 492.32 178.46 565.59 210.07
vehicle 539.31 164.34 597.58 194.32
vehicle 939.21 209.30 1241.00 374.00
vehicle 772.96 174.39 963.57 290.96
person 737.73 181.17 779.07 264.77
vehicle 728.92 184.57 821.97 244.58
vehicle 705.79 183.94 772.56 228.51
vehicle 692.80 173.65 752.00 218.55
person 679.95 176.44 694.28 204.58
vehicle 0.00 185.62 237.25 281.51
vehicle 608.46 176.25 645.25 209.80
vehicle 0.00 170.47 65.06 237.59
vehicle 198.21 181.51 341.35 246.65
vehicle 829.39 161.96 948.25 207.97
