vehicle 1094.29 183.86 1223.00 235.11
vehicle 1032.53 183.93 1156.89 232.69
vehicle 952.90 181.71 1068.77 234.23
vehicle 602.50 172.64 636.57 202.96
vehicle 497.34 165.41 549.51 244.28
vehicle 544.94 159.66 605.50 237.13
vehicle 479.38 168.34 500.29 205.71
person 182.21 148.94 198.55 196.34
person 122.91 149.22 159.24 235.43
person 249.98 155.09 270.65 210.64
person 209.09 151.84 233.09 208.14
person 617.71 153.72 664.38 296.60
person 652.36 150.83 712.36 285.81
person 711.87 145.27 782.54 302.57
person 977.35 153.78 1092.35 369.00
person 982.57 147.80 1104.24 369.00
person 1023.04 160.36 1130.37 351.80
person 709.91 149.08 768.91 320.93
