vehicle 587.77 173.63 683.57 264.13
vehicle 958.47 94.05 1241.00 374.00
vehicle 753.87 168.39 946.98 266.05
vehicle 684.53 167.97 773.40 206.79
vehicle 667.92 170.91 726.43 198.45
vehicle 655.17 171.13 710.12 192.82
vehicle 0.00 178.05 108.28 281.76
vehicle 101.04 176.88 263.27 249.94
vehicle 260.37 184.89 356.16 228.11
vehicle 409.84 176.32 462.18 203.42
vehicle 441.54 170.83 479.47 199.76
vehicle 479.96 173.01 515.13 193.21
vehicle 523.90 173.32 557.50 188.46
vehicle 9.80 181.22 135.97 239.24
