vehicle 596.71 183.75 659.83 235.61
vehicle 276.73 178.00 467.05 285.94
vehicle 325.27 181.16 480.80 258.86
vehicle 446.16 179.73 553.41 222.97
vehicle 498.19 175.99 568.22 206.01
vehicle 541.90 161.88 599.24 190.96
vehicle 876.03 201.05 1241.00 374.00
vehicle 757.11 171.36 915.32 271.88
person 728.06 180.96 762.40 256.09
vehicle 721.29 182.73 804.55 237.12
vehicle 700.77 182.22 762.03 223.48
vehicle 689.39 173.71 744.54 216.11
person 679.26 176.40 691.92 203.47
vehicle 54.81 184.05 279.69 265.82
vehicle 608.77 176.52 645.58 210.08
vehicle 0.00 172.53 111.48 239.59
vehicle 236.23 180.58 362.76 239.33
vehicle 821.90 163.36 935.73 207.58
