person 643.30 145.58 662.97 202.58
person 246.62 138.93 279.62 259.24
person 1001.20 131.04 1223.00 369.00
person 681.50 138.35 720.16 210.83
person 635.43 127.80 813.25 369.00
person 659.45 166.40 799.21 369.00
person 724.62 137.74 790.62 369.00
person 788.83 179.83 874.16 369.00
person 825.84 147.07 887.84 369.00
person 922.95 160.39 1012.29 369.00
person 322.12 165.40 419.45 369.00
person 540.15 145.62 596.81 282.73
person 649.38 150.43 696.38 276.97
person 665.09 138.81 748.42 275.20
person 739.97 137.83 812.77 265.61
vehicle 0.00 0.00 267.24 369.00
