vehicle 981.16 196.99 1241.00 374.00
vehicle 901.91 140.35 1173.40 359.22
vehicle 542.43 162.43 595.23 220.38
vehicle 832.89 127.46 1075.71 219.24
vehicle 340.10 181.43 417.62 225.88
vehicle 241.65 165.86 338.64 226.92
vehicle 469.14 170.79 510.31 203.73
vehicle 697.77 170.40 772.74 212.20
vehicle 582.43 163.69 616.01 192.56
vehicle 619.03 149.17 654.10 186.80
vehicle 750.31 167.48 828.60 211.84
vehicle 1116.43 131.77 1241.00 200.59
vehicle 574.11 136.40 610.42 189.20
vehicle 75.88 185.57 199.68 232.70
vehicle 0.00 192.99 67.81 235.48
