vehicle 945.13 177.69 1241.00 374.00
vehicle 0.00 199.64 230.34 374.00
vehicle 330.46 186.13 442.08 254.34
vehicle 400.85 186.02 477.97 233.93
vehicle 443.01 183.76 497.49 222.72
vehicle 471.31 182.89 518.51 214.39
vehicle 782.77 154.41 889.68 195.34
vehicle 756.29 156.10 835.90 191.90
vehicle 1107.58 133.23 1241.00 173.32
vehicle 1065.54 135.26 1196.74 175.01
vehicle 1036.70 140.17 1164.17 173.82
vehicle 1011.22 141.36 1128.71 173.61
vehicle 501.92 180.86 540.94 206.64
vehicle 665.64 171.65 705.02 202.59
