vehicle 1095.30 184.71 1223.00 236.05
vehicle 1032.22 183.85 1157.30 232.62
vehicle 952.74 181.83 1068.68 234.37
vehicle 602.53 172.51 636.68 202.83
person 979.18 151.24 1081.24 345.61
person 189.98 151.86 206.12 198.49
person 272.64 154.91 289.19 196.14
person 298.73 158.26 327.83 243.40
person 339.82 158.26 366.77 240.06
person 351.61 157.39 412.04 245.44
person 460.69 155.16 506.66 267.90
person 506.69 159.45 549.21 259.73
person 320.90 158.29 360.88 262.71
person 367.68 159.19 404.34 259.72
person 399.89 164.01 436.24 253.27
person 305.15 157.99 360.80 248.12
