vehicle 99.33 185.65 496.14 374.00
vehicle 958.06 208.09 1241.00 374.00
vehicle 803.55 175.69 1185.25 374.00
vehicle 1185.36 138.75 1241.00 226.45
vehicle 1051.54 132.06 1241.00 246.79
vehicle 921.28 134.88 1139.92 237.11
vehicle 399.12 179.48 514.28 256.28
vehicle 460.35 178.62 548.89 235.61
vehicle 909.33 160.17 1009.71 213.46
vehicle 841.70 164.60 933.88 208.92
vehicle 810.84 163.69 889.60 204.40
vehicle 687.28 173.35 745.64 218.25
vehicle 531.53 172.54 583.56 210.25
vehicle 550.06 162.44 595.64 202.46
vehicle 734.10 162.50 796.12 189.99
vehicle 639.27 144.02 685.15 191.54
