vehicle 552.48 180.55 602.08 219.13
vehicle 0.00 208.76 447.12 374.00
vehicle 337.57 183.53 515.22 307.46
vehicle 235.62 178.29 410.63 257.58
vehicle 364.00 182.24 474.61 222.62
vehicle 403.73 178.13 489.46 217.19
vehicle 441.12 180.26 517.94 209.07
vehicle 476.64 169.88 538.68 199.52
vehicle 738.42 0.00 1195.75 374.00
vehicle 654.46 179.41 727.65 236.43
vehicle 632.82 179.01 681.82 215.69
vehicle 612.07 134.50 669.21 205.11
vehicle 122.67 182.14 236.61 225.71
vehicle 559.56 176.77 594.04 207.07
