vehicle 578.99 173.74 731.42 317.64
vehicle 949.57 166.90 1241.00 374.00
vehicle 706.54 169.06 821.62 220.43
vehicle 681.76 172.77 750.27 206.31
vehicle 664.08 173.43 727.82 199.06
vehicle 0.00 187.56 77.86 290.19
vehicle 591.07 172.88 612.55 186.85
vehicle 110.30 192.28 268.09 256.18
vehicle 368.14 180.60 435.30 213.63
vehicle 411.66 173.55 458.51 207.63
vehicle 462.95 175.52 504.20 198.67
vehicle 515.82 175.64 553.85 192.45
vehicle 256.74 178.48 329.35 212.47
vehicle 240.72 177.51 317.45 202.86
