person 642.49 145.68 664.83 202.48
person 252.09 138.20 291.22 258.47
person 1007.01 144.42 1129.65 369.00
person 882.85 136.58 996.34 369.00
person 746.52 145.47 784.28 219.67
person 576.57 129.72 670.11 369.00
person 603.91 165.98 669.60 366.98
person 673.45 139.13 737.83 359.89
person 720.08 173.99 780.55 351.01
person 759.08 148.86 824.87 336.94
person 835.59 161.44 901.64 346.11
person 271.37 165.60 349.49 349.62
person 526.20 140.78 574.07 261.78
person 602.27 148.67 661.22 260.80
person 637.99 138.72 700.61 259.51
person 705.78 139.58 767.99 253.10
vehicle 0.00 0.00 267.28 369.00
