person 453.31 161.41 468.64 199.60
vehicle 409.82 154.03 466.82 197.37
vehicle 450.25 163.36 506.48 195.59
vehicle 499.34 163.59 565.43 191.46
vehicle 649.83 153.45 714.72 188.70
vehicle 683.57 161.64 732.00 185.38
vehicle 723.89 159.22 776.45 184.46
vehicle 752.41 164.77 811.96 184.72
vehicle 789.20 164.45 833.31 184.56
vehicle 811.24 165.78 860.37 184.75
vehicle 832.82 162.98 890.40 182.80
vehicle 876.49 153.59 937.76 181.19
vehicle 902.07 161.52 956.53 180.22
vehicle 927.63 162.46 975.41 179.60
