person 310.84 161.18 331.17 205.74
vehicle 280.18 153.25 345.69 203.55
vehicle 328.95 164.12 393.76 200.86
vehicle 386.87 164.82 461.60 196.17
vehicle 556.45 155.58 626.35 193.74
vehicle 593.15 163.68 645.23 189.11
vehicle 635.16 161.09 690.07 187.73
vehicle 665.30 166.64 725.50 187.40
vehicle 703.30 166.67 747.33 187.55
vehicle 724.62 167.39 774.73 187.09
vehicle 745.85 165.63 803.68 185.91
vehicle 787.67 155.60 847.65 183.56
vehicle 814.10 164.26 867.00 183.06
vehicle 835.53 163.46 881.37 180.63
