vehicle 601.43 182.49 684.10 261.16
vehicle 732.09 175.15 871.90 242.71
vehicle 693.20 180.40 774.58 221.05
vehicle 670.46 181.95 742.25 211.94
vehicle 0.00 205.30 152.76 299.10
vehicle 445.04 185.76 502.74 222.11
vehicle 533.95 182.09 567.86 206.25
vehicle 578.34 180.53 601.98 198.72
vehicle 320.60 190.67 403.20 231.47
vehicle 379.43 181.98 436.14 221.38
vehicle 442.38 183.45 487.73 209.65
vehicle 503.94 184.74 546.27 203.47
vehicle 188.31 187.34 277.49 228.77
vehicle 175.84 186.04 269.06 216.37
