vehicle 571.65 174.13 765.14 356.68
vehicle 1114.35 169.22 1241.00 374.00
vehicle 716.93 168.65 838.02 224.56
vehicle 687.31 173.42 760.43 208.88
vehicle 667.80 174.41 733.96 201.23
vehicle 549.38 175.48 576.65 194.06
vehicle 54.58 193.21 238.29 265.02
vehicle 603.71 172.54 626.59 186.65
vehicle 354.43 181.29 427.34 216.29
vehicle 403.40 173.20 453.19 208.90
vehicle 457.89 175.71 501.08 199.77
vehicle 515.03 176.64 553.03 193.93
vehicle 238.90 178.88 315.26 214.73
vehicle 224.72 178.81 305.80 205.37
