vehicle 597.00 179.89 659.97 230.98
vehicle 156.75 177.11 408.76 337.65
vehicle 257.37 178.18 447.86 279.25
vehicle 421.20 177.51 543.53 227.67
vehicle 469.73 173.34 547.13 210.63
vehicle 485.65 173.90 562.45 207.01
vehicle 536.32 158.93 596.39 189.88
vehicle 792.73 168.99 1029.95 307.67
person 759.73 177.74 799.07 271.75
vehicle 738.32 180.83 843.30 246.10
vehicle 711.43 179.80 784.62 227.18
vehicle 696.34 168.72 760.40 216.43
person 684.57 171.79 698.57 201.03
vehicle 0.00 184.52 186.18 294.29
vehicle 608.67 170.74 645.45 204.28
vehicle 148.47 181.62 313.03 254.69
vehicle 837.44 157.58 961.76 205.51
