vehicle 0.00 188.32 96.15 374.00
vehicle 0.00 177.87 293.90 305.65
vehicle 55.92 151.70 354.74 278.42
vehicle 485.71 175.74 511.96 231.82
vehicle 1019.39 188.05 1241.00 374.00
vehicle 933.76 185.74 1235.54 320.22
vehicle 829.65 182.58 1127.52 291.55
vehicle 770.84 185.24 1014.06 264.57
vehicle 763.31 170.51 952.10 251.74
vehicle 318.51 182.25 465.34 230.03
vehicle 363.16 180.41 484.96 222.76
vehicle 631.33 178.49 681.32 215.38
vehicle 618.97 177.08 647.32 201.12
vehicle 603.74 168.01 620.02 187.30
