vehicle 584.97 181.74 640.86 227.38
vehicle 124.05 181.88 352.29 323.90
vehicle 246.50 179.01 437.89 278.33
vehicle 371.91 178.83 507.30 234.03
vehicle 410.91 175.95 517.70 225.74
vehicle 448.96 179.23 534.48 214.79
vehicle 464.96 156.77 562.01 208.52
vehicle 847.15 157.01 1241.00 374.00
person 723.20 175.82 746.86 233.42
vehicle 864.16 174.53 1040.97 242.42
vehicle 591.61 177.54 626.22 209.11
vehicle 0.00 179.71 82.10 294.63
vehicle 41.20 183.99 240.89 274.89
vehicle 1026.11 142.90 1241.00 242.65
vehicle 215.95 168.67 306.43 210.28
vehicle 399.76 157.57 454.36 197.56
