person 778.89 150.39 860.96 366.06
person 974.87 118.78 1036.18 299.82
person 1113.60 130.07 1159.57 300.67
person 175.50 227.03 307.02 373.00
person 245.15 226.09 344.51 373.00
person 366.19 200.58 440.55 282.64
person 262.61 224.29 366.67 361.26
person 503.43 166.08 525.31 241.61
person 477.75 168.56 502.16 239.96
person 566.92 164.91 590.15 233.14
person 594.79 163.44 613.16 214.86
person 612.93 165.39 631.68 230.79
person 684.16 158.80 703.07 216.33
vehicle 527.69 169.69 557.80 193.02
person 474.93 164.91 515.27 230.39
person 634.27 165.65 652.21 224.75
