vehicle 242.71 183.62 532.71 358.66
vehicle 877.82 201.38 1241.00 374.00
vehicle 794.46 181.51 1080.38 370.09
vehicle 1156.84 143.17 1241.00 227.44
vehicle 1036.88 131.60 1241.00 235.75
vehicle 916.42 142.97 1110.72 235.73
vehicle 439.28 180.83 538.21 250.33
vehicle 490.40 179.27 573.00 231.67
vehicle 847.25 168.62 936.38 210.68
vehicle 822.58 168.73 898.78 207.63
vehicle 702.60 176.57 756.29 218.91
vehicle 554.65 173.76 603.69 209.46
vehicle 572.14 166.98 614.24 205.33
vehicle 750.56 165.36 811.21 192.13
vehicle 656.20 148.29 702.19 194.64
