vehicle 597.09 177.33 659.80 228.19
vehicle 0.00 178.70 274.10 374.00
vehicle 153.34 179.04 382.84 324.86
vehicle 387.05 178.28 529.59 238.18
vehicle 451.57 174.83 538.08 217.09
vehicle 470.20 175.76 555.23 212.87
vehicle 528.95 157.14 592.86 190.17
vehicle 850.61 170.04 1241.00 374.00
person 805.84 178.80 864.84 304.83
vehicle 762.89 184.64 902.66 267.87
vehicle 725.22 183.11 815.27 239.77
vehicle 704.35 169.17 779.17 223.63
person 691.31 172.60 702.31 204.42
vehicle 175.24 178.67 343.65 248.65
vehicle 299.57 176.04 403.84 226.97
vehicle 607.72 169.66 644.10 202.84
vehicle 1.20 181.92 236.29 278.49
vehicle 854.00 156.98 990.52 209.21
vehicle 99.09 173.56 218.54 227.61
