person 1147.70 119.14 1237.00 373.00
person 727.00 155.84 800.62 347.23
vehicle 0.00 144.72 297.45 373.00
person 950.03 123.94 1011.81 289.40
person 1030.78 136.13 1080.39 282.38
person 233.50 221.35 340.96 373.00
person 289.15 222.42 371.66 355.09
person 381.51 198.78 448.91 273.24
person 301.12 220.45 388.74 338.12
person 500.53 167.25 518.98 236.49
person 477.19 173.10 497.89 238.50
person 561.16 168.05 583.75 234.37
person 585.25 166.61 604.79 216.85
person 602.60 168.68 621.18 232.39
vehicle 520.81 173.83 549.98 196.55
person 494.39 168.29 516.55 231.58
