vehicle 566.95 180.32 615.63 219.84
vehicle 58.07 189.35 280.80 307.04
vehicle 328.99 194.49 509.80 317.30
vehicle 435.10 185.51 543.80 266.96
vehicle 316.41 175.15 456.95 235.47
vehicle 488.95 169.85 545.83 196.80
vehicle 700.42 16.72 1041.08 334.99
person 1060.59 161.37 1188.59 374.00
vehicle 647.20 181.69 704.67 227.60
vehicle 631.82 180.98 672.11 212.55
vehicle 613.54 143.12 664.22 205.79
vehicle 201.13 178.11 288.21 214.56
vehicle 564.81 178.09 598.33 208.69
vehicle 0.00 180.92 39.01 242.34
