vehicle 592.93 173.49 643.67 221.48
vehicle 216.00 192.08 364.34 267.35
vehicle 810.72 167.56 1063.28 302.23
vehicle 713.00 172.87 870.11 241.73
vehicle 706.12 173.27 831.45 230.08
vehicle 702.29 167.82 806.96 219.58
vehicle 661.16 160.68 757.19 207.55
vehicle 653.08 172.49 727.02 202.07
vehicle 643.59 171.94 694.20 192.48
vehicle 366.68 175.57 426.54 210.36
vehicle 519.97 159.20 555.79 191.46
vehicle 406.96 176.92 452.76 205.45
vehicle 438.46 179.55 474.18 199.74
vehicle 483.50 176.43 512.20 192.88
vehicle 349.52 177.70 386.36 202.29
vehicle 81.71 179.63 124.00 207.97
