vehicle 569.91 178.21 766.93 364.07
vehicle 1164.37 177.90 1241.00 374.00
vehicle 719.64 170.19 842.60 227.26
vehicle 688.85 173.60 762.72 209.52
vehicle 668.24 175.32 734.87 202.46
vehicle 483.75 180.24 526.03 207.71
vehicle 39.85 194.38 230.05 268.88
vehicle 568.40 174.89 596.12 192.10
vehicle 352.57 182.34 425.72 217.85
vehicle 402.38 174.97 452.00 211.02
vehicle 457.46 176.85 501.07 201.14
vehicle 514.70 177.59 554.57 194.90
vehicle 234.27 180.19 311.95 216.69
vehicle 220.54 179.98 302.82 206.97
