vehicle 592.85 179.94 658.69 242.24
vehicle 1161.20 158.54 1241.00 374.00
vehicle 751.07 177.36 896.82 259.38
vehicle 692.87 178.54 808.36 229.44
vehicle 0.00 193.59 170.82 371.43
vehicle 376.92 182.50 467.06 235.16
vehicle 0.00 193.90 202.99 282.11
vehicle 188.35 180.01 308.95 248.51
vehicle 507.54 181.04 554.52 207.28
vehicle 594.19 173.78 619.92 193.53
vehicle 345.27 182.03 423.36 220.83
vehicle 453.90 182.87 509.32 207.77
vehicle 0.00 184.09 42.63 228.97
vehicle 646.14 176.30 672.13 194.27
vehicle 230.74 182.93 324.60 220.72
