vehicle 589.11 173.26 648.89 221.85
vehicle 145.08 181.81 426.11 321.13
vehicle 345.22 171.98 477.12 240.88
vehicle 388.24 172.53 512.13 229.05
vehicle 442.60 170.41 540.33 208.74
vehicle 496.71 154.23 575.14 195.44
vehicle 960.38 193.12 1241.00 374.00
vehicle 802.27 185.72 1034.52 309.81
vehicle 744.20 161.40 881.15 254.62
person 698.61 168.22 717.27 210.84
vehicle 800.42 166.29 925.23 214.05
vehicle 0.00 175.49 240.21 272.62
vehicle 597.19 167.70 632.59 200.00
vehicle 173.80 172.45 310.60 243.36
vehicle 268.16 173.86 372.54 227.64
vehicle 917.65 144.00 1107.76 214.66
