vehicle 578.29 179.46 634.89 225.49
vehicle 0.00 147.28 324.00 374.00
vehicle 279.40 182.50 465.50 267.73
vehicle 323.50 179.92 481.18 249.23
vehicle 408.91 176.83 510.62 219.93
vehicle 452.20 175.43 537.63 212.01
vehicle 739.76 109.58 1051.56 338.60
vehicle 717.56 184.46 833.11 257.92
vehicle 662.01 182.31 705.21 213.97
vehicle 638.56 164.04 670.53 197.53
vehicle 589.23 175.77 625.07 208.47
vehicle 48.16 138.79 268.52 264.38
vehicle 0.00 168.65 151.76 234.29
vehicle 278.68 177.09 344.02 205.11
