vehicle 591.77 175.02 639.73 220.39
vehicle 1055.75 187.04 1241.00 374.00
vehicle 403.39 185.60 465.74 222.54
vehicle 729.57 169.87 899.51 247.34
vehicle 679.73 175.47 800.23 225.21
vehicle 677.70 170.14 763.05 211.00
vehicle 650.35 164.91 732.82 203.94
vehicle 644.48 174.03 709.40 199.58
vehicle 398.25 176.62 447.34 206.44
vehicle 537.98 162.31 568.13 189.12
vehicle 429.01 175.31 467.73 200.26
vehicle 492.18 177.73 517.59 192.84
vehicle 376.90 178.22 407.63 199.97
vehicle 144.66 179.04 184.17 203.64
