vehicle 569.24 186.71 628.46 235.97
vehicle 73.75 191.56 286.33 317.27
vehicle 230.58 208.63 492.21 368.26
vehicle 400.05 190.75 514.83 284.67
vehicle 445.58 190.38 529.85 253.23
vehicle 331.72 190.67 448.74 244.92
vehicle 532.47 186.98 564.66 211.67
vehicle 848.42 203.07 1241.00 374.00
vehicle 728.27 202.38 982.86 358.86
vehicle 690.37 183.31 801.15 271.04
vehicle 631.52 186.24 675.77 219.47
vehicle 621.55 148.91 675.52 212.02
vehicle 217.88 186.40 299.02 219.74
vehicle 574.03 184.47 611.32 218.97
vehicle 44.50 189.87 174.33 239.28
