vehicle 588.26 183.41 642.48 227.94
vehicle 33.71 184.24 324.61 368.19
vehicle 304.97 182.52 475.17 257.83
vehicle 363.70 179.96 494.87 244.40
vehicle 420.66 180.61 519.56 223.39
vehicle 444.04 153.88 556.60 215.25
person 754.41 177.08 786.08 250.47
vehicle 948.12 173.39 1197.40 265.73
vehicle 595.35 180.31 629.59 211.54
vehicle 0.00 184.24 84.71 299.66
vehicle 1148.19 140.62 1241.00 270.85
vehicle 135.58 175.55 254.34 225.77
vehicle 234.97 183.42 309.00 215.25
vehicle 379.81 158.56 441.67 202.46
