vehicle 591.25 169.94 651.80 219.16
vehicle 212.08 174.84 454.82 288.60
vehicle 370.35 167.18 491.66 229.53
vehicle 406.18 167.69 521.83 219.69
vehicle 453.39 166.81 545.63 202.92
vehicle 504.04 148.49 579.78 188.13
vehicle 895.77 186.56 1241.00 374.00
vehicle 782.08 179.61 968.50 281.38
vehicle 734.36 156.73 854.34 240.13
person 696.34 164.49 715.68 204.91
vehicle 791.64 161.64 909.28 206.71
vehicle 0.00 176.12 124.67 296.18
vehicle 79.11 169.48 281.16 253.96
vehicle 599.03 163.19 634.86 195.88
vehicle 219.37 165.70 337.26 229.49
vehicle 292.30 164.72 388.96 214.44
vehicle 905.28 141.01 1084.21 207.82
