vehicle 920.30 194.66 1241.00 374.00
vehicle 883.86 148.35 1095.55 333.10
vehicle 551.97 162.75 603.02 218.16
vehicle 830.74 131.60 1063.23 219.35
vehicle 359.58 180.03 432.11 222.25
vehicle 267.02 165.09 356.60 223.08
vehicle 481.14 170.09 520.44 201.84
vehicle 702.67 169.07 774.60 209.30
vehicle 625.95 149.27 660.42 186.15
vehicle 753.05 167.44 828.02 210.17
vehicle 1108.62 135.83 1241.00 202.40
vehicle 581.64 136.55 617.87 188.23
vehicle 110.69 184.07 224.79 228.55
vehicle 0.00 188.88 98.89 229.29
