vehicle 301.67 178.58 480.40 290.82
vehicle 1154.66 125.54 1223.00 216.66
vehicle 1051.40 134.72 1135.78 204.80
person 573.64 156.19 607.42 228.70
vehicle 822.32 152.35 868.76 194.04
person 398.78 155.99 427.38 238.76
vehicle 871.27 149.48 900.58 197.51
person 183.54 177.52 219.29 238.73
person 166.62 181.26 197.83 240.47
vehicle 285.42 167.79 370.43 244.82
person 206.30 177.25 237.60 238.82
person 167.37 172.47 208.05 249.66
person 305.13 163.59 328.19 239.67
vehicle 1161.86 134.30 1223.00 176.25
vehicle 1048.54 149.10 1184.21 184.86
