vehicle 589.25 183.64 643.01 227.82
vehicle 0.00 187.48 242.01 374.00
vehicle 272.30 182.01 459.80 267.87
vehicle 340.64 178.86 483.88 250.34
vehicle 408.47 181.20 513.77 227.14
vehicle 435.62 152.12 554.35 217.58
person 771.42 178.43 803.42 259.21
vehicle 989.77 175.90 1241.00 280.90
vehicle 638.05 168.69 667.30 198.02
vehicle 595.89 179.34 629.76 210.24
vehicle 477.36 172.56 564.77 210.22
vehicle 1210.59 134.22 1241.00 264.68
vehicle 99.45 172.44 231.71 226.47
vehicle 211.72 181.41 292.28 214.99
person 271.95 171.06 286.28 211.76
vehicle 371.71 158.43 436.55 203.85
