vehicle 1095.02 184.48 1223.00 235.79
vehicle 1032.30 183.87 1157.19 232.64
vehicle 952.79 181.80 1068.71 234.33
vehicle 602.52 172.55 636.65 202.87
person 192.48 152.24 208.97 199.43
person 283.65 156.93 307.60 211.46
vehicle 541.24 156.74 575.62 214.69
person 252.93 154.16 269.28 198.68
person 360.32 157.62 401.64 253.98
person 395.96 157.63 429.55 249.98
person 413.17 157.73 482.62 257.92
person 584.98 154.67 645.62 290.08
person 635.15 157.96 688.06 276.08
person 422.27 159.56 469.35 285.27
person 456.84 157.28 520.35 276.83
person 504.92 164.01 548.46 268.49
person 367.24 157.51 403.40 262.72
