vehicle 0.00 192.66 379.31 374.00
vehicle 1064.10 155.53 1241.00 260.12
vehicle 964.82 157.61 1111.77 242.64
vehicle 910.64 160.82 1049.88 229.04
vehicle 867.73 161.08 999.02 222.41
vehicle 837.13 168.92 964.81 218.09
vehicle 715.28 173.31 852.26 275.77
vehicle 694.16 181.48 775.24 239.36
vehicle 411.30 177.38 519.96 250.04
vehicle 466.95 163.38 549.41 231.08
vehicle 748.45 161.38 840.38 201.30
vehicle 526.30 176.73 571.72 212.86
vehicle 526.55 176.04 589.61 198.71
vehicle 616.83 136.78 677.76 200.25
