person 289.06 157.61 310.06 214.16
person 395.34 162.04 411.34 201.02
person 58.05 147.38 104.05 249.15
person 289.57 154.76 304.57 194.89
vehicle 562.37 170.20 586.31 188.49
vehicle 960.72 180.90 1068.97 229.09
vehicle 1034.03 183.19 1154.96 229.32
vehicle 1097.43 183.53 1223.00 230.25
person 21.74 151.98 59.49 246.02
person 321.56 154.40 335.56 197.22
person 305.07 158.86 316.40 196.56
person 128.20 154.74 162.87 242.70
person 77.06 149.04 107.73 238.67
person 698.95 162.44 773.95 310.71
person 882.53 146.86 961.53 297.71
vehicle 466.33 165.03 484.42 207.03
person 51.66 156.32 77.66 233.75
person 0.00 149.18 34.94 235.87
vehicle 601.55 171.69 637.62 199.90
person 276.37 155.12 286.04 190.43
person 220.40 153.26 230.40 197.15
person 1127.88 178.10 1139.22 214.19
