vehicle 600.55 182.44 687.69 265.33
vehicle 729.19 175.36 865.81 240.78
vehicle 691.80 180.27 771.53 219.97
vehicle 670.18 181.73 740.94 211.23
vehicle 0.00 203.87 172.83 294.88
vehicle 463.55 184.79 514.31 217.95
vehicle 542.51 181.50 574.63 204.35
vehicle 584.03 179.96 606.53 197.40
vehicle 326.79 189.70 407.90 229.56
vehicle 384.06 181.81 439.41 220.55
vehicle 445.46 183.27 490.86 209.18
vehicle 505.67 184.09 547.62 202.62
vehicle 197.61 187.30 284.19 227.82
vehicle 183.00 185.95 274.30 215.79
