vehicle 698.85 189.53 809.07 265.91
vehicle 0.00 180.50 183.26 312.23
vehicle 233.62 189.19 444.13 315.09
vehicle 433.31 181.41 513.88 240.79
vehicle 651.69 181.99 702.86 220.09
vehicle 266.71 185.95 373.24 243.61
vehicle 480.05 183.72 535.01 223.47
vehicle 380.34 184.90 441.64 221.02
vehicle 436.17 184.65 477.77 211.98
vehicle 529.28 184.09 555.90 204.19
vehicle 481.07 175.78 512.25 199.46
vehicle 587.78 180.72 612.07 203.57
vehicle 626.18 182.15 646.41 200.48
vehicle 615.70 182.23 634.18 198.28
vehicle 0.00 151.02 114.65 218.40
