vehicle 1094.09 183.69 1223.00 234.92
vehicle 1032.59 183.95 1156.80 232.71
vehicle 952.94 181.69 1068.78 234.20
vehicle 602.49 172.66 636.55 202.99
vehicle 573.95 162.99 665.11 278.53
vehicle 629.79 156.29 730.01 266.80
vehicle 437.43 167.97 467.44 219.55
person 183.49 149.00 198.82 196.47
person 35.84 144.80 80.43 247.34
person 216.97 154.24 242.39 214.33
person 190.09 150.42 212.84 211.51
person 733.32 150.13 796.34 316.64
person 769.92 150.22 831.53 306.09
person 865.47 140.09 947.41 321.09
person 860.67 145.33 949.79 349.48
