vehicle 0.00 195.92 114.00 374.00
vehicle 25.85 184.01 320.92 289.37
vehicle 139.68 183.50 406.14 272.06
vehicle 200.15 181.68 416.20 256.51
vehicle 795.36 183.08 1131.14 374.00
vehicle 684.95 187.20 762.49 241.51
vehicle 309.91 182.83 462.44 245.52
vehicle 348.34 176.51 475.48 239.32
vehicle 385.28 179.26 488.75 227.94
vehicle 729.36 183.91 840.62 220.31
vehicle 426.92 165.02 518.86 213.29
vehicle 638.26 164.44 673.76 201.85
vehicle 467.21 180.94 541.03 205.84
vehicle 489.77 175.15 555.93 202.70
vehicle 629.17 166.45 654.38 196.34
