vehicle 358.77 176.86 497.45 266.85
vehicle 1023.93 134.31 1120.75 210.52
vehicle 942.85 140.55 1012.68 201.99
person 548.42 159.96 579.42 223.41
vehicle 759.98 156.38 802.54 195.36
person 403.14 158.56 425.85 230.01
vehicle 846.60 152.71 874.51 196.32
person 211.94 177.12 233.32 231.61
person 205.93 180.54 231.24 233.02
vehicle 284.92 169.00 363.06 238.17
person 277.44 176.09 306.20 230.29
person 247.61 173.03 280.98 239.67
person 362.18 160.69 386.10 228.07
vehicle 1114.88 140.49 1223.00 179.41
vehicle 1009.47 153.92 1131.99 186.86
