person 328.60 159.48 344.60 200.58
person 434.61 164.11 442.94 194.55
person 327.00 156.39 337.00 189.00
vehicle 960.91 180.90 1069.21 229.09
vehicle 1034.23 183.18 1155.21 229.33
vehicle 1097.63 183.53 1223.00 230.26
person 353.18 154.46 365.52 189.32
person 343.89 166.64 375.23 247.17
person 441.03 158.43 475.37 248.81
vehicle 578.98 159.51 621.92 239.21
vehicle 601.63 171.69 637.72 199.90
person 296.27 155.83 311.60 197.33
person 221.12 153.26 231.79 197.15
person 967.14 172.44 979.48 209.05
