vehicle 0.00 108.77 177.99 374.00
vehicle 948.83 193.71 1241.00 374.00
vehicle 800.31 183.13 1040.61 349.22
vehicle 0.00 106.51 108.79 298.49
vehicle 794.22 149.53 922.35 259.68
vehicle 583.27 161.52 627.37 208.07
vehicle 819.92 129.87 1015.16 203.17
vehicle 421.54 175.45 478.47 210.68
vehicle 347.29 162.64 415.47 210.94
vehicle 712.88 167.40 773.08 201.83
vehicle 647.38 148.28 678.79 182.20
vehicle 757.35 163.38 820.20 200.12
vehicle 608.61 137.00 638.86 184.19
vehicle 217.16 175.55 302.04 211.81
vehicle 124.58 179.27 200.86 211.74
