vehicle 594.97 174.03 638.93 215.61
vehicle 965.85 183.30 1241.00 374.00
vehicle 807.87 165.57 1057.98 328.83
vehicle 751.16 173.31 957.18 273.46
vehicle 719.98 167.47 885.52 249.22
vehicle 715.47 175.10 837.77 234.54
vehicle 693.19 173.96 812.98 221.28
vehicle 528.69 176.84 548.68 190.98
vehicle 470.73 181.21 509.92 208.35
vehicle 666.43 171.98 750.78 205.31
vehicle 649.93 173.52 717.88 199.45
vehicle 639.27 168.57 694.84 194.07
vehicle 465.38 175.78 495.78 196.37
vehicle 443.11 175.65 463.04 191.37
