vehicle 0.00 208.74 180.14 374.00
vehicle 1130.77 104.54 1241.00 233.03
vehicle 358.93 192.07 485.46 270.60
vehicle 142.33 190.40 420.74 343.21
vehicle 744.43 171.27 838.26 228.85
vehicle 443.05 183.20 524.80 239.92
vehicle 499.50 185.88 550.58 225.92
vehicle 516.26 184.17 561.41 218.35
vehicle 649.69 178.77 694.74 216.00
vehicle 734.41 169.88 866.36 214.88
vehicle 665.66 180.25 718.54 211.56
vehicle 694.78 177.93 749.58 207.94
vehicle 685.06 171.39 730.11 184.97
vehicle 568.41 173.86 607.17 186.72
