person 264.23 154.83 296.55 245.89
vehicle 558.07 168.35 585.67 192.34
person 322.28 159.55 346.00 214.58
person 126.67 149.73 163.00 235.04
person 201.13 153.12 227.56 204.75
vehicle 617.84 175.18 764.81 227.87
vehicle 960.52 180.90 1068.73 229.08
vehicle 1033.82 183.19 1154.70 229.31
vehicle 1097.22 183.53 1223.00 230.25
person 120.33 154.12 150.50 233.04
person 211.74 149.00 246.66 206.12
person 206.67 154.67 228.13 204.88
person 239.69 157.88 259.76 218.41
person 206.86 152.74 229.94 215.69
vehicle 525.57 163.48 533.24 184.59
person 199.73 159.11 214.61 212.54
person 171.19 155.09 194.96 214.50
vehicle 601.46 171.69 637.52 199.90
person 221.52 153.27 236.48 197.14
