vehicle 832.42 174.85 1241.00 374.00
vehicle 0.00 182.72 178.83 374.00
vehicle 0.00 154.89 223.11 339.29
vehicle 22.74 187.87 303.39 291.07
vehicle 192.68 187.49 411.29 268.87
vehicle 265.94 182.10 453.97 256.22
vehicle 307.11 179.45 449.08 247.95
vehicle 313.88 175.69 481.79 236.72
vehicle 377.81 177.82 492.64 222.75
vehicle 429.25 165.62 525.00 210.05
vehicle 571.91 176.68 580.55 198.73
vehicle 686.12 184.37 764.86 245.47
vehicle 742.54 172.66 876.47 226.83
vehicle 689.70 170.47 766.29 204.67
vehicle 635.42 177.40 662.51 197.91
