vehicle 1094.48 184.02 1223.00 235.29
vehicle 1032.47 183.92 1156.97 232.68
vehicle 952.87 181.73 1068.75 234.26
vehicle 602.51 172.61 636.59 202.94
vehicle 465.56 166.59 502.26 223.48
vehicle 501.65 168.61 517.57 198.40
person 188.84 148.90 206.16 196.21
person 183.60 151.99 217.60 226.89
vehicle 822.17 140.32 940.65 293.83
person 252.21 154.30 271.55 206.31
person 217.96 152.33 241.63 205.00
person 533.20 158.86 588.53 285.01
person 573.04 152.43 626.54 272.81
person 630.45 149.25 682.79 286.28
person 990.18 143.11 1116.18 358.32
person 1011.14 150.29 1129.80 338.14
person 754.42 145.47 862.09 347.51
person 810.33 149.48 878.66 335.64
person 825.84 158.79 886.17 316.13
person 585.96 153.72 656.96 302.21
