vehicle 0.00 190.76 251.44 341.90
vehicle 0.00 183.84 317.16 300.47
vehicle 173.38 180.08 392.80 265.56
vehicle 218.22 163.12 424.16 253.84
vehicle 519.04 178.64 537.47 220.74
vehicle 1060.07 176.17 1241.00 374.00
vehicle 948.86 188.53 1241.00 337.75
vehicle 860.66 186.12 1125.19 289.85
vehicle 834.71 182.71 1018.09 267.64
vehicle 771.26 179.55 973.32 254.66
vehicle 737.22 182.99 915.50 241.32
vehicle 734.74 172.55 878.41 235.18
vehicle 373.59 182.23 494.24 222.00
vehicle 407.34 182.41 508.87 218.19
vehicle 632.90 182.10 675.37 213.76
vehicle 622.44 177.68 647.91 199.33
vehicle 608.44 168.50 623.94 186.79
