vehicle 586.08 180.22 644.27 227.52
vehicle 0.00 192.83 319.58 374.00
vehicle 283.36 179.50 442.91 266.78
vehicle 343.97 178.16 488.88 246.76
vehicle 419.22 177.46 529.57 221.23
vehicle 481.49 159.41 566.12 204.25
vehicle 865.92 193.10 1241.00 374.00
vehicle 771.42 168.23 961.37 289.74
person 704.09 176.36 723.43 223.93
vehicle 821.15 173.18 963.21 227.36
vehicle 0.00 181.63 121.71 298.74
vehicle 592.45 175.20 627.69 207.35
vehicle 51.18 173.14 244.13 263.22
vehicle 208.97 176.01 333.80 239.39
vehicle 949.03 150.52 1166.84 230.50
vehicle 271.52 171.98 344.15 207.66
