vehicle 593.42 175.55 646.07 225.35
vehicle 0.00 204.86 227.68 353.77
vehicle 902.26 166.26 1234.10 374.00
vehicle 735.35 174.74 918.86 260.61
vehicle 724.18 173.37 868.14 240.70
vehicle 715.39 168.55 832.48 227.64
vehicle 668.61 162.33 773.51 214.40
vehicle 658.29 174.74 737.63 206.95
vehicle 646.06 174.79 699.21 196.59
vehicle 345.81 176.48 413.03 214.48
vehicle 509.56 160.19 549.08 196.09
vehicle 392.92 180.24 442.95 210.86
vehicle 429.20 183.75 467.87 205.49
vehicle 477.77 178.72 510.00 195.91
vehicle 333.38 180.21 374.02 206.52
vehicle 44.10 181.52 87.77 212.20
