vehicle 586.21 176.12 661.16 237.06
vehicle 31.87 169.94 214.02 245.63
vehicle 1071.93 165.59 1241.00 332.80
vehicle 709.42 138.50 827.76 247.67
person 358.77 153.11 400.10 294.52
vehicle 232.39 161.08 332.46 215.04
vehicle 353.88 165.52 489.83 233.93
vehicle 380.95 171.85 506.48 222.88
vehicle 413.50 172.70 530.66 216.62
vehicle 473.31 168.76 550.19 204.46
vehicle 512.00 166.81 570.72 189.85
vehicle 680.50 171.46 739.02 210.77
vehicle 666.79 162.56 714.14 199.95
vehicle 583.31 169.27 625.16 207.46
vehicle 288.22 166.33 358.95 196.89
