vehicle 593.63 181.12 659.05 243.16
vehicle 926.78 164.66 1224.89 374.00
vehicle 728.53 178.52 854.62 246.75
vehicle 683.13 180.61 786.33 225.46
vehicle 200.02 187.12 368.14 281.05
vehicle 441.16 181.85 505.87 221.90
vehicle 79.21 193.42 264.56 265.77
vehicle 240.09 180.41 340.44 240.36
vehicle 534.44 181.04 573.32 203.07
vehicle 369.22 182.80 437.27 218.23
vehicle 461.90 183.15 514.72 206.53
vehicle 0.00 191.59 42.20 255.80
vehicle 0.00 184.66 102.95 228.72
vehicle 637.82 178.01 662.04 196.46
vehicle 265.39 182.73 347.77 217.11
