vehicle 593.26 174.85 645.25 224.03
vehicle 38.70 199.20 288.26 312.70
vehicle 863.88 166.83 1164.69 343.38
vehicle 726.88 174.04 900.66 253.38
vehicle 717.51 173.34 854.68 236.75
vehicle 710.65 168.29 823.29 224.71
vehicle 665.96 161.74 767.73 211.95
vehicle 656.34 173.58 733.85 204.84
vehicle 645.21 173.81 697.49 195.17
vehicle 353.09 176.71 417.82 213.66
vehicle 513.28 159.84 551.46 194.44
vehicle 397.82 179.09 446.36 208.97
vehicle 432.41 182.32 470.05 203.50
vehicle 480.15 178.17 511.21 195.15
vehicle 339.01 179.34 378.31 205.04
vehicle 57.08 180.77 100.29 210.64
