vehicle 805.85 175.70 1231.81 374.00
vehicle 0.00 180.99 231.56 366.15
vehicle 0.00 157.40 259.91 321.78
vehicle 71.14 186.73 324.59 280.86
vehicle 222.11 187.05 424.22 262.72
vehicle 285.56 181.74 461.62 251.39
vehicle 322.13 179.66 456.24 244.61
vehicle 326.66 175.03 486.47 233.25
vehicle 386.49 177.79 496.61 220.99
vehicle 432.79 167.92 525.82 211.13
vehicle 572.95 177.12 581.33 198.61
vehicle 681.70 184.17 755.32 241.84
vehicle 737.37 172.15 865.30 224.10
vehicle 687.12 171.36 761.70 204.71
vehicle 634.26 178.23 660.76 198.36
