vehicle 0.00 199.74 83.02 371.84
vehicle 0.00 191.94 307.00 321.88
vehicle 99.55 184.67 385.46 293.93
vehicle 194.32 178.26 395.54 272.70
vehicle 219.60 179.75 445.06 260.38
vehicle 270.11 178.39 421.50 244.17
vehicle 321.78 181.57 466.97 237.59
vehicle 328.28 179.42 477.35 230.57
vehicle 386.50 175.68 495.70 220.88
vehicle 396.26 167.25 508.89 219.08
vehicle 563.92 177.79 574.06 203.13
vehicle 710.77 187.70 829.55 275.09
vehicle 775.27 174.94 949.83 243.92
vehicle 698.69 176.23 786.93 215.47
vehicle 636.84 180.36 666.90 203.10
