vehicle 595.08 174.32 638.91 215.78
vehicle 901.84 180.33 1218.95 374.00
vehicle 784.40 166.79 1015.03 308.37
vehicle 740.51 173.12 933.15 264.30
vehicle 712.97 167.91 869.96 243.94
vehicle 709.96 174.93 826.41 231.05
vehicle 690.00 174.10 804.94 219.21
vehicle 531.93 177.46 551.23 191.12
vehicle 479.03 181.25 515.35 206.82
vehicle 664.78 172.33 746.68 204.61
vehicle 648.97 173.76 715.24 199.01
vehicle 639.16 168.65 693.70 193.66
vehicle 468.28 175.64 497.98 195.86
vehicle 446.00 176.38 465.52 191.86
