vehicle 593.09 176.28 644.48 218.05
vehicle 0.00 191.49 166.49 374.00
vehicle 80.69 179.51 321.45 316.00
vehicle 288.09 181.72 430.25 244.45
vehicle 472.33 186.47 559.20 248.89
vehicle 507.81 179.55 576.26 230.22
vehicle 404.71 175.48 509.74 218.77
vehicle 757.09 192.21 1005.07 348.18
vehicle 682.42 83.55 844.05 249.10
person 867.32 163.68 893.98 265.40
vehicle 653.91 176.02 697.26 210.81
vehicle 627.88 143.88 668.45 196.81
vehicle 586.45 174.85 621.00 206.37
vehicle 108.19 181.46 222.42 228.45
