vehicle 595.18 174.61 638.90 215.95
vehicle 1176.40 163.51 1241.00 374.00
vehicle 857.86 178.26 1148.17 360.85
vehicle 765.85 167.73 979.66 292.72
vehicle 731.44 172.95 912.33 256.65
vehicle 706.83 168.30 856.12 239.36
vehicle 687.08 174.23 797.54 217.33
vehicle 534.97 178.03 553.63 191.26
vehicle 486.43 181.29 520.23 205.47
vehicle 663.23 172.67 742.82 203.96
vehicle 648.05 174.00 712.73 198.59
vehicle 639.06 168.73 692.59 193.27
vehicle 471.07 175.49 500.12 195.37
vehicle 448.80 177.09 467.94 192.34
