person 350.67 156.72 396.33 272.12
vehicle 544.06 167.99 589.46 206.17
person 281.65 158.22 308.65 224.44
person 126.89 149.77 164.22 235.24
person 160.94 148.83 191.05 207.33
vehicle 848.47 181.39 1025.57 239.05
vehicle 960.44 180.90 1068.62 229.08
vehicle 1033.73 183.19 1154.59 229.31
vehicle 1097.13 183.53 1223.00 230.24
person 122.55 154.12 148.55 232.91
person 190.42 146.48 209.76 211.01
person 154.19 153.33 180.19 210.59
person 259.75 158.26 278.75 211.51
person 237.83 154.14 256.17 210.12
person 228.96 159.71 243.30 207.66
person 210.22 155.37 230.89 208.05
vehicle 601.42 171.69 637.48 199.90
person 223.64 153.27 234.97 197.14
