vehicle 0.00 205.29 260.15 374.00
vehicle 1075.12 146.43 1241.00 258.96
vehicle 985.14 157.36 1153.82 242.51
vehicle 922.83 155.31 1079.50 229.45
vehicle 877.38 164.99 1024.12 222.31
vehicle 849.77 159.80 964.49 208.78
vehicle 751.66 171.67 957.66 315.03
vehicle 719.22 180.45 821.15 251.56
vehicle 369.25 177.80 509.79 268.27
vehicle 445.74 158.82 547.90 238.83
vehicle 766.63 158.62 870.27 203.12
vehicle 501.16 179.10 562.14 229.67
vehicle 521.11 176.03 574.57 216.05
vehicle 615.22 172.33 681.86 196.42
vehicle 623.07 132.12 687.96 200.45
