vehicle 584.27 179.78 641.67 226.43
vehicle 0.00 182.40 202.47 374.00
vehicle 242.02 178.76 419.95 278.78
vehicle 315.70 177.43 474.14 253.88
vehicle 405.17 177.65 523.02 224.66
vehicle 458.93 174.96 539.68 206.88
vehicle 476.44 157.66 564.86 204.59
vehicle 918.67 202.53 1241.00 374.00
vehicle 789.98 165.31 1022.77 308.51
person 710.26 174.90 728.92 225.38
vehicle 833.50 172.65 985.72 230.71
vehicle 591.11 175.47 626.09 207.39
vehicle 0.00 179.43 202.01 282.42
vehicle 165.22 180.73 308.25 251.08
vehicle 971.34 146.14 1207.23 231.90
vehicle 254.83 167.76 332.67 205.21
vehicle 410.32 156.14 461.13 193.97
