vehicle 1215.08 140.26 1241.00 374.00
vehicle 1227.09 157.99 1241.00 371.40
vehicle 452.47 161.11 525.68 240.85
vehicle 845.36 111.43 1171.04 238.85
vehicle 158.12 185.66 291.32 250.16
vehicle 6.98 169.44 181.13 257.82
vehicle 366.42 173.86 425.19 216.40
vehicle 662.49 169.84 761.56 224.84
vehicle 521.40 165.25 558.35 199.44
vehicle 565.59 148.63 603.90 191.60
vehicle 726.09 165.71 828.81 223.16
vehicle 798.59 171.72 918.87 219.95
vehicle 1150.48 125.67 1241.00 202.94
vehicle 515.13 135.03 556.00 196.23
