vehicle 0.00 193.46 199.58 335.59
vehicle 70.41 189.29 359.41 294.44
vehicle 182.98 183.44 419.63 275.27
vehicle 250.28 178.66 422.47 260.58
vehicle 263.76 177.84 462.06 249.30
vehicle 302.33 178.66 437.23 237.79
vehicle 347.19 179.91 478.50 230.86
vehicle 351.58 180.63 488.15 227.71
vehicle 403.26 176.91 504.50 219.04
vehicle 410.69 166.54 515.90 215.13
vehicle 567.56 176.96 577.06 200.87
vehicle 699.84 185.96 798.85 260.51
vehicle 760.90 174.47 916.67 236.66
vehicle 694.81 173.73 777.99 210.79
vehicle 636.48 181.63 665.30 203.51
