vehicle 597.07 181.06 663.33 243.87
vehicle 810.38 169.08 1028.66 293.22
vehicle 711.87 178.36 817.56 233.38
vehicle 675.63 180.75 765.60 219.13
vehicle 0.00 198.72 141.22 357.97
vehicle 395.10 182.33 473.90 232.50
vehicle 501.26 180.20 544.95 209.84
vehicle 195.38 190.66 328.56 247.59
vehicle 297.81 180.35 379.76 231.29
vehicle 564.64 179.91 595.99 197.77
vehicle 396.34 181.87 455.02 213.52
vehicle 478.17 183.33 526.18 204.87
vehicle 2.44 187.75 147.56 246.08
vehicle 41.52 184.80 171.74 223.41
vehicle 656.41 177.35 679.78 192.51
