person 644.88 144.09 661.88 202.98
person 281.31 138.04 316.98 259.16
person 714.82 180.39 772.15 354.35
person 769.42 166.24 843.08 351.47
person 622.66 148.74 647.33 221.77
person 587.11 139.21 632.44 247.82
person 574.85 140.38 606.52 237.01
person 536.60 138.05 572.27 245.56
person 518.38 138.41 555.38 247.80
person 500.23 142.82 522.56 204.31
person 477.21 143.45 494.21 205.39
person 468.39 145.00 494.72 209.39
person 394.34 141.51 415.34 206.23
person 417.84 146.73 433.51 203.17
person 435.05 141.66 456.05 206.77
vehicle 0.00 0.00 267.84 369.00
