vehicle 801.58 192.01 1241.00 374.00
vehicle 695.07 170.54 807.08 262.07
vehicle 135.59 174.89 401.23 267.06
vehicle 231.05 173.52 430.36 251.87
vehicle 261.73 160.27 418.55 242.15
vehicle 302.46 179.73 436.34 232.28
vehicle 367.74 175.62 488.19 221.83
vehicle 396.34 175.76 507.65 220.85
vehicle 406.85 170.03 496.44 214.48
vehicle 405.94 171.60 517.03 212.68
vehicle 461.72 163.50 535.57 198.03
vehicle 576.80 171.81 583.44 189.21
vehicle 655.72 178.04 703.95 215.98
vehicle 626.43 174.15 648.65 191.32
