vehicle 588.13 188.53 641.04 232.76
vehicle 97.53 192.41 366.13 346.41
vehicle 233.75 185.47 431.97 294.43
vehicle 357.89 184.92 489.42 244.34
vehicle 398.49 150.05 541.07 232.15
person 848.02 180.44 899.68 300.55
vehicle 1212.91 170.12 1241.00 317.45
vehicle 639.93 173.04 673.85 205.11
vehicle 594.72 183.76 628.97 215.36
vehicle 457.33 175.28 558.03 219.26
vehicle 0.00 178.24 138.45 248.17
vehicle 120.60 187.76 228.74 230.00
vehicle 205.09 183.41 342.86 249.82
person 206.16 172.80 226.50 221.45
person 274.83 180.18 289.16 211.78
vehicle 343.61 157.95 419.14 208.66
