vehicle 724.11 170.14 894.05 301.88
vehicle 0.00 181.32 319.86 316.11
vehicle 97.25 175.60 374.81 281.53
vehicle 162.51 160.97 370.69 266.60
vehicle 227.43 182.58 397.30 247.94
vehicle 320.67 180.90 467.48 236.65
vehicle 357.60 179.24 490.87 232.72
vehicle 375.22 172.48 480.57 224.28
vehicle 376.63 172.61 505.24 219.91
vehicle 447.17 163.80 528.62 201.73
vehicle 573.90 172.23 581.24 191.26
vehicle 664.73 181.83 720.81 226.59
vehicle 710.17 171.12 814.25 214.13
vehicle 629.00 176.42 652.89 194.79
