vehicle 596.58 181.33 701.05 280.30
vehicle 724.12 174.48 853.36 234.98
vehicle 690.15 179.05 766.55 216.81
vehicle 669.55 180.51 737.89 208.82
vehicle 185.67 195.16 343.19 278.91
vehicle 0.00 201.07 206.04 282.62
vehicle 502.37 181.64 541.49 208.00
vehicle 563.94 179.16 592.13 198.92
vehicle 599.19 177.40 621.62 193.09
vehicle 342.26 187.04 418.86 224.62
vehicle 394.45 180.13 447.18 217.24
vehicle 452.05 181.81 497.01 206.96
vehicle 510.47 183.13 551.34 201.16
vehicle 219.78 185.07 300.67 223.39
vehicle 202.52 183.92 289.09 212.37
