vehicle 587.53 188.90 640.42 233.15
vehicle 0.00 195.92 300.61 374.00
vehicle 168.05 189.09 395.48 322.77
vehicle 333.24 187.63 477.40 253.86
vehicle 379.85 146.45 533.83 236.80
person 891.04 179.49 959.04 323.29
vehicle 640.64 171.51 675.70 204.65
vehicle 594.10 184.09 628.09 215.48
vehicle 449.66 175.51 555.51 222.14
vehicle 0.00 178.16 95.28 249.99
vehicle 80.11 190.46 201.46 236.65
vehicle 159.45 185.90 320.40 260.95
vehicle 293.04 183.11 383.62 235.39
person 180.74 174.51 202.74 226.55
person 260.53 182.21 269.53 215.40
vehicle 332.73 157.77 412.55 210.53
