vehicle 584.55 181.00 641.15 227.10
vehicle 190.50 177.65 390.85 294.74
vehicle 284.79 178.13 458.16 264.53
vehicle 389.11 177.88 515.50 228.63
vehicle 454.15 176.99 537.23 210.63
vehicle 470.96 156.74 563.50 205.96
vehicle 999.24 202.48 1241.00 374.00
vehicle 813.78 163.49 1110.79 337.84
person 715.00 173.24 737.67 227.03
vehicle 847.66 170.02 1011.34 232.50
vehicle 591.04 176.52 625.98 208.40
vehicle 0.00 178.18 147.94 293.85
vehicle 110.76 178.83 277.77 257.69
vehicle 996.86 147.81 1241.00 240.22
vehicle 236.42 170.89 320.17 210.31
vehicle 405.19 156.84 457.83 195.72
