person 87.04 163.66 103.04 215.96
person 521.14 161.40 532.14 197.32
vehicle 467.63 155.96 520.57 196.88
vehicle 503.44 163.54 556.56 194.05
vehicle 549.55 164.38 612.58 190.95
vehicle 693.67 154.99 756.76 189.13
vehicle 728.85 161.49 776.53 184.65
vehicle 767.20 160.18 819.45 184.83
vehicle 794.74 164.56 854.99 184.24
vehicle 831.84 164.79 876.67 184.63
vehicle 854.01 165.45 903.40 184.22
vehicle 876.68 163.65 934.74 183.24
vehicle 921.88 153.14 984.13 180.67
vehicle 949.53 160.75 1005.56 179.53
vehicle 974.38 161.93 1023.51 179.11
