vehicle 866.97 174.11 1241.00 374.00
vehicle 0.00 151.64 177.71 361.90
vehicle 0.00 189.40 274.91 303.14
vehicle 158.50 188.01 396.50 276.02
vehicle 243.66 182.51 445.38 261.71
vehicle 290.35 179.22 441.16 251.67
vehicle 298.88 176.33 475.83 240.48
vehicle 368.44 178.46 488.28 225.23
vehicle 423.43 165.91 522.13 211.64
vehicle 570.81 176.21 579.74 198.86
vehicle 691.14 184.58 775.79 249.55
vehicle 748.15 173.21 888.65 229.81
vehicle 691.31 171.50 769.98 206.60
vehicle 635.76 178.78 663.40 199.70
