vehicle 580.16 176.72 636.10 222.19
vehicle 0.00 200.15 406.36 374.00
vehicle 0.00 203.14 145.16 374.00
vehicle 62.19 193.84 275.24 318.50
vehicle 293.37 182.44 431.98 247.49
vehicle 333.98 176.04 460.64 236.46
vehicle 399.17 180.39 491.98 218.36
vehicle 520.12 180.88 570.95 217.59
vehicle 452.30 174.25 531.70 205.20
vehicle 677.11 180.19 757.26 238.71
vehicle 658.25 117.97 741.53 215.14
person 768.17 164.36 783.84 219.94
vehicle 0.00 185.67 132.94 243.84
vehicle 592.43 174.47 628.09 207.01
vehicle 254.80 176.53 323.82 209.34
