person 429.67 154.21 485.09 284.95
vehicle 523.40 167.67 588.70 221.10
person 244.66 157.02 278.12 231.40
person 130.80 150.89 163.01 236.60
person 142.87 146.63 162.36 209.54
vehicle 1021.44 184.55 1214.18 242.33
vehicle 960.39 180.90 1068.57 229.08
vehicle 1033.69 183.19 1154.53 229.31
vehicle 1097.08 183.53 1223.00 230.24
person 123.45 153.99 151.97 232.28
person 196.09 146.32 221.11 214.59
person 167.13 152.19 190.22 213.05
person 271.81 158.64 284.51 208.81
person 248.69 153.41 264.96 206.35
person 238.05 159.90 252.93 205.38
person 217.04 156.28 233.78 206.35
vehicle 601.40 171.69 637.45 199.90
person 221.48 153.27 236.44 197.14
