vehicle 589.50 178.17 720.04 301.41
vehicle 1229.86 186.29 1241.00 374.00
vehicle 722.23 172.67 847.69 231.03
vehicle 690.82 177.06 765.34 213.67
vehicle 669.82 178.40 736.95 206.03
vehicle 360.27 188.10 444.15 237.89
vehicle 25.43 198.46 224.00 275.57
vehicle 529.35 179.17 562.07 201.42
vehicle 580.28 176.51 605.70 194.18
vehicle 350.26 185.69 425.01 222.13
vehicle 398.58 178.06 450.07 214.45
vehicle 456.12 179.45 500.09 203.97
vehicle 513.68 180.66 553.97 198.33
vehicle 230.15 182.83 308.55 220.01
vehicle 216.14 181.28 299.52 208.68
