vehicle 750.22 174.66 981.36 346.02
vehicle 0.00 185.85 250.40 362.51
vehicle 0.00 177.19 332.63 305.53
vehicle 88.62 161.02 336.89 284.52
vehicle 176.57 184.14 372.48 258.62
vehicle 288.37 183.47 453.23 245.82
vehicle 332.49 180.85 480.24 239.84
vehicle 357.19 175.84 472.40 232.17
vehicle 358.81 173.38 498.37 224.52
vehicle 408.95 177.69 506.97 216.45
vehicle 443.65 166.90 529.31 206.79
vehicle 573.84 175.99 581.57 195.97
vehicle 670.62 183.69 732.16 233.02
vehicle 719.91 171.49 832.38 217.68
vehicle 680.09 173.80 749.23 204.84
vehicle 631.00 178.64 655.87 197.68
