vehicle 587.52 178.72 646.51 226.67
vehicle 51.22 189.98 384.67 369.10
vehicle 316.59 179.74 461.06 257.14
vehicle 367.56 178.23 501.04 240.40
vehicle 431.62 177.28 535.32 218.25
vehicle 488.83 160.44 570.13 203.35
vehicle 829.19 196.55 1132.50 356.56
vehicle 756.54 171.83 916.10 277.35
person 711.18 173.93 724.51 218.89
vehicle 810.22 172.39 943.12 223.21
vehicle 0.00 183.35 188.65 298.40
vehicle 594.79 175.73 630.14 207.97
vehicle 116.84 175.51 278.69 255.29
vehicle 239.69 182.30 353.65 241.34
vehicle 931.44 151.67 1134.22 226.68
