vehicle 0.00 190.78 207.45 361.82
vehicle 0.00 184.41 289.04 313.16
vehicle 140.41 179.68 377.91 271.36
vehicle 192.89 159.42 412.47 255.52
vehicle 513.67 178.57 533.29 222.91
vehicle 1130.36 175.61 1241.00 374.00
vehicle 986.61 188.73 1241.00 358.64
vehicle 880.62 182.71 1174.62 296.18
vehicle 848.66 179.74 1047.68 271.04
vehicle 779.23 180.20 994.95 260.20
vehicle 742.59 183.35 930.95 244.94
vehicle 739.14 171.83 890.03 237.46
vehicle 364.85 180.72 489.91 221.77
vehicle 399.69 179.09 504.71 215.92
vehicle 632.31 178.86 676.09 211.30
vehicle 620.80 176.73 646.73 198.82
vehicle 607.42 168.48 623.02 186.97
