vehicle 587.94 176.67 670.34 254.52
vehicle 813.73 131.51 1081.50 322.06
vehicle 718.05 171.56 877.19 244.79
vehicle 673.48 171.42 754.74 205.84
vehicle 658.82 173.64 712.78 198.85
vehicle 650.79 174.62 702.06 194.85
vehicle 0.00 176.95 208.34 268.46
vehicle 0.00 73.43 211.83 364.57
vehicle 187.97 182.33 311.73 242.92
vehicle 305.27 186.95 383.73 224.54
vehicle 426.15 179.99 473.78 204.76
vehicle 452.03 174.72 487.48 201.38
vehicle 486.17 175.75 519.19 194.85
vehicle 526.37 176.65 558.24 191.02
vehicle 1127.14 183.62 1241.00 224.91
vehicle 112.98 181.09 208.11 228.76
