vehicle 593.07 180.64 658.70 242.78
vehicle 1008.90 161.31 1241.00 374.00
vehicle 738.32 178.16 873.49 252.61
vehicle 687.11 180.92 796.06 228.71
vehicle 33.76 189.16 296.16 321.38
vehicle 412.56 182.31 488.37 227.85
vehicle 19.89 193.35 233.55 272.88
vehicle 216.42 180.40 325.87 244.27
vehicle 522.03 181.38 564.19 205.36
vehicle 357.55 183.10 430.66 220.24
vehicle 458.26 183.22 512.04 207.35
vehicle 0.00 184.24 73.96 228.66
vehicle 641.38 177.64 667.07 195.83
vehicle 248.84 182.83 336.59 218.82
