vehicle 1094.39 183.94 1223.00 235.20
vehicle 1032.50 183.92 1156.93 232.68
vehicle 952.89 181.72 1068.76 234.24
vehicle 602.50 172.62 636.58 202.95
vehicle 479.12 165.86 523.50 232.30
vehicle 512.64 161.06 561.33 227.29
vehicle 491.77 168.49 509.86 201.64
person 184.13 148.94 199.46 196.30
person 153.19 151.02 192.51 231.17
vehicle 959.76 135.33 1145.30 326.38
person 252.09 155.54 273.33 209.22
person 216.46 152.11 237.19 206.47
person 570.84 155.13 621.40 289.13
person 608.49 151.19 659.31 277.75
person 653.48 149.02 715.00 295.45
person 1132.63 144.13 1223.00 369.00
person 1130.96 150.31 1223.00 345.97
person 852.85 148.71 974.85 369.00
person 868.04 149.14 975.52 354.49
person 910.76 158.27 992.25 330.43
person 643.14 151.63 710.40 310.59
