vehicle 592.57 173.29 642.26 220.28
vehicle 308.53 187.75 411.15 243.68
vehicle 774.75 168.39 992.13 276.76
vehicle 700.54 173.12 843.51 234.06
vehicle 696.76 173.22 812.09 224.66
vehicle 695.14 167.43 792.89 215.23
vehicle 657.13 161.38 748.04 205.33
vehicle 650.50 172.55 721.02 200.62
vehicle 378.77 174.56 434.40 207.42
vehicle 526.94 159.13 560.16 189.36
vehicle 415.12 175.78 458.36 203.03
vehicle 486.20 175.77 513.30 191.71
vehicle 359.31 176.45 393.90 200.01
vehicle 104.61 178.81 145.98 205.77
