vehicle 0.00 193.01 345.62 374.00
vehicle 987.93 121.08 1241.00 215.10
vehicle 1154.74 129.29 1241.00 185.43
vehicle 407.32 184.24 500.52 242.99
vehicle 292.63 184.63 457.77 282.35
vehicle 714.17 169.65 786.01 216.63
vehicle 465.39 179.73 529.50 226.06
vehicle 507.46 181.94 550.05 215.87
vehicle 635.18 175.75 676.81 208.54
vehicle 707.16 171.74 818.20 210.19
vehicle 674.36 174.03 724.09 200.81
vehicle 662.04 167.47 707.08 183.79
vehicle 576.13 169.60 621.19 183.07
vehicle 470.35 172.26 508.58 184.93
