vehicle 0.00 193.71 271.40 340.70
vehicle 44.90 185.45 363.82 306.15
vehicle 159.41 178.02 379.09 280.26
vehicle 191.57 179.05 433.75 265.26
vehicle 251.12 178.23 412.34 247.93
vehicle 306.42 181.88 459.77 240.82
vehicle 315.04 178.71 471.27 232.19
vehicle 377.17 175.00 490.84 221.90
vehicle 389.88 165.55 506.56 219.18
vehicle 561.93 178.24 572.44 204.36
vehicle 717.36 188.74 849.07 284.36
vehicle 783.11 174.65 968.73 247.60
vehicle 700.51 172.44 791.46 212.83
vehicle 636.81 179.31 667.59 202.55
