vehicle 579.91 183.18 639.88 232.29
vehicle 0.00 196.65 136.48 374.00
vehicle 196.96 181.58 366.33 273.14
vehicle 358.14 192.75 524.77 295.16
vehicle 449.36 183.89 536.33 256.74
vehicle 372.09 181.53 474.37 227.32
vehicle 545.45 180.81 573.70 203.16
person 998.25 189.74 1203.57 374.00
vehicle 773.04 189.32 1146.12 374.00
vehicle 710.89 192.54 879.81 296.73
vehicle 684.89 179.48 774.18 250.23
vehicle 637.59 183.86 676.31 213.91
vehicle 629.65 145.19 678.19 203.76
vehicle 583.07 179.36 620.76 213.77
vehicle 131.23 180.88 235.45 222.31
