vehicle 0.00 184.61 263.35 312.32
vehicle 50.62 185.16 371.13 290.18
vehicle 138.12 181.10 389.31 266.99
vehicle 839.80 184.45 1241.00 374.00
vehicle 688.19 190.49 775.29 251.39
vehicle 270.05 183.20 443.02 253.68
vehicle 317.59 177.10 459.74 246.74
vehicle 364.11 180.17 477.16 233.00
vehicle 734.11 185.80 854.07 224.97
vehicle 413.06 163.91 510.93 215.12
vehicle 636.22 165.74 673.36 204.75
vehicle 458.96 181.15 536.48 207.27
vehicle 482.29 177.18 551.26 205.91
vehicle 627.63 166.76 653.74 197.61
