vehicle 585.50 171.29 659.05 231.07
vehicle 0.00 156.40 184.90 239.23
vehicle 1160.97 168.20 1241.00 366.08
vehicle 719.91 131.63 853.20 252.74
person 322.10 138.14 373.44 302.35
vehicle 204.15 150.81 314.56 209.08
vehicle 335.07 155.47 480.73 229.96
vehicle 365.98 162.26 499.75 217.20
vehicle 402.13 167.18 527.00 213.81
vehicle 468.21 162.16 547.08 199.52
vehicle 510.18 159.92 570.76 184.01
vehicle 684.19 166.75 746.61 208.33
vehicle 670.27 158.44 720.12 197.50
person 656.69 160.88 672.19 194.75
vehicle 584.86 163.00 626.25 200.76
vehicle 274.15 159.63 349.34 191.59
