person 681.78 148.04 700.33 204.39
person 272.11 136.14 311.75 256.15
person 650.99 143.91 717.53 292.49
person 726.66 131.78 784.47 286.42
person 608.55 140.20 646.45 249.81
person 573.06 141.71 613.45 253.32
person 662.36 142.36 722.40 242.98
person 719.46 142.73 749.32 237.48
person 1190.23 194.07 1223.00 272.94
person 467.48 141.18 501.27 252.83
person 487.82 148.48 512.26 241.63
person 520.97 137.60 553.10 241.06
person 563.70 153.16 582.72 239.09
person 537.14 143.46 564.77 234.78
person 453.35 144.72 475.41 217.12
person 523.47 146.80 542.04 212.96
vehicle 0.00 0.00 267.52 369.00
