vehicle 0.00 189.87 109.67 371.82
vehicle 0.00 190.75 287.17 326.30
vehicle 14.28 182.45 340.91 288.84
vehicle 202.16 180.44 406.02 260.50
vehicle 240.86 166.43 434.73 252.33
vehicle 523.93 182.67 541.31 222.87
vehicle 1006.74 176.60 1241.00 370.73
vehicle 918.02 188.69 1241.00 321.48
vehicle 843.61 189.03 1083.93 284.57
vehicle 822.46 185.20 992.44 264.70
vehicle 763.88 183.74 953.89 254.89
vehicle 732.73 186.24 902.03 242.01
vehicle 730.79 175.92 867.99 235.87
vehicle 383.54 183.45 499.67 221.89
vehicle 414.53 185.48 512.80 220.32
vehicle 633.46 184.96 674.70 216.09
vehicle 623.05 181.15 648.00 202.44
vehicle 609.21 171.84 624.59 189.94
