vehicle 878.41 193.05 1241.00 374.00
vehicle 855.35 146.25 1033.73 305.02
vehicle 560.92 160.75 610.23 213.70
vehicle 827.45 129.16 1049.67 212.82
vehicle 377.26 178.71 445.25 218.95
vehicle 289.97 164.39 373.11 219.61
vehicle 492.31 169.44 529.94 200.08
vehicle 706.14 168.08 774.98 206.77
vehicle 632.63 149.35 666.51 185.53
vehicle 754.18 166.80 825.86 207.87
vehicle 1101.12 130.32 1241.00 194.78
vehicle 588.77 136.51 623.48 187.00
vehicle 140.20 181.84 245.61 223.80
vehicle 30.65 191.11 126.60 229.92
