vehicle 587.97 174.61 647.81 223.27
vehicle 91.02 187.20 345.88 311.31
vehicle 226.63 187.41 415.42 274.36
vehicle 352.48 176.03 460.87 231.31
vehicle 473.49 184.76 559.44 239.28
vehicle 436.08 177.83 513.44 211.70
vehicle 758.27 21.71 1241.00 374.00
vehicle 700.89 175.56 829.48 261.07
vehicle 678.38 179.02 765.40 234.72
vehicle 668.22 167.79 726.04 215.88
vehicle 640.25 174.03 671.68 198.24
vehicle 0.00 196.98 95.57 298.45
vehicle 28.67 147.91 268.87 268.95
vehicle 594.88 172.76 633.46 207.96
vehicle 0.00 183.60 58.86 241.34
