vehicle 594.19 181.60 659.41 243.54
vehicle 873.58 168.09 1137.74 340.71
vehicle 720.19 178.82 838.31 241.79
vehicle 679.59 180.34 777.62 222.58
vehicle 292.59 185.82 414.22 258.62
vehicle 463.68 181.47 520.03 217.22
vehicle 128.69 193.48 291.53 259.84
vehicle 261.03 180.41 353.56 236.91
vehicle 545.01 180.74 581.21 201.12
vehicle 379.91 182.52 443.36 216.40
vehicle 465.32 183.08 517.26 205.76
vehicle 0.00 190.13 82.06 254.33
vehicle 0.00 185.04 129.01 227.95
vehicle 634.21 178.39 656.85 197.12
vehicle 665.12 176.38 690.41 191.22
vehicle 280.53 182.63 358.10 215.55
