vehicle 600.04 182.86 669.78 249.34
vehicle 762.09 173.26 938.74 263.37
vehicle 702.88 179.63 796.48 227.37
vehicle 672.55 181.61 753.50 215.80
vehicle 248.68 192.00 387.88 267.60
vehicle 472.74 183.93 522.25 219.17
vehicle 537.56 181.79 571.80 205.62
vehicle 260.71 192.13 366.65 240.88
vehicle 340.51 181.83 408.09 226.96
vehicle 588.26 181.17 615.51 196.44
vehicle 418.87 185.11 469.50 214.38
vehicle 490.18 184.80 536.49 205.09
vehicle 100.01 187.55 214.52 237.07
vehicle 106.96 185.60 218.36 220.13
vehicle 645.08 179.88 671.69 195.74
