vehicle 913.74 173.11 1241.00 374.00
vehicle 0.00 148.45 120.31 374.00
vehicle 0.00 191.24 240.90 317.54
vehicle 118.32 188.60 379.40 284.42
vehicle 215.54 182.95 433.35 268.00
vehicle 271.54 178.96 432.34 255.85
vehicle 282.26 177.05 469.29 244.65
vehicle 316.12 178.78 444.05 235.06
vehicle 358.26 179.16 483.58 227.92
vehicle 410.81 177.46 508.49 218.21
vehicle 417.25 166.21 519.11 213.34
vehicle 569.23 176.57 578.43 199.84
vehicle 695.26 185.23 786.55 254.67
vehicle 754.24 173.81 901.99 233.07
vehicle 693.02 172.58 773.88 208.64
vehicle 636.12 180.22 664.33 201.57
