vehicle 588.12 171.96 660.12 240.00
vehicle 958.98 151.42 1241.00 374.00
vehicle 739.01 142.72 941.07 259.86
vehicle 694.68 167.54 819.32 223.94
vehicle 664.82 167.38 737.37 197.72
vehicle 655.48 169.61 705.09 192.57
vehicle 129.97 173.82 284.95 243.11
vehicle 307.72 128.80 446.58 235.27
vehicle 263.81 176.99 357.81 226.00
vehicle 342.98 181.79 407.86 213.56
vehicle 438.97 174.75 480.65 197.25
vehicle 462.79 169.97 493.69 194.46
vehicle 492.01 171.95 522.44 189.73
vehicle 1041.62 181.30 1178.20 216.12
vehicle 187.40 179.75 262.80 220.07
