vehicle 593.83 172.54 650.71 226.30
vehicle 812.01 171.70 1062.81 312.54
vehicle 763.76 171.35 949.50 266.61
vehicle 746.19 163.15 892.19 240.55
vehicle 681.25 156.97 806.00 220.23
vehicle 666.83 171.63 756.83 208.75
vehicle 650.03 171.05 708.00 194.81
vehicle 302.27 175.13 384.99 219.38
vehicle 486.58 154.64 535.14 198.85
vehicle 363.70 176.66 422.78 211.47
vehicle 409.91 180.74 454.62 204.67
vehicle 469.90 175.64 504.48 194.21
vehicle 299.12 178.24 348.30 207.89
vehicle 0.00 179.83 14.71 213.93
