vehicle 1230.05 117.93 1241.00 291.76
vehicle 0.00 194.20 329.96 374.00
vehicle 248.88 185.23 454.66 303.46
vehicle 1055.12 147.16 1202.49 236.65
vehicle 924.79 162.52 1057.82 233.54
vehicle 866.29 163.61 977.99 225.51
vehicle 838.85 166.87 949.30 219.21
vehicle 810.39 166.39 916.73 215.07
vehicle 790.05 170.99 896.30 211.27
vehicle 682.17 174.44 772.74 246.16
vehicle 671.32 181.70 732.55 226.78
vehicle 451.22 176.14 531.34 231.78
vehicle 485.83 164.98 551.34 220.17
vehicle 725.26 165.59 803.73 200.10
vehicle 609.54 141.09 664.90 197.98
