vehicle 0.00 192.20 325.20 374.00
vehicle 1011.94 189.56 1241.00 374.00
vehicle 1177.99 119.36 1241.00 251.03
vehicle 997.03 119.69 1241.00 273.37
vehicle 247.00 188.48 437.34 310.90
vehicle 372.86 183.96 495.81 261.87
vehicle 948.81 158.47 1066.88 224.85
vehicle 853.59 168.48 960.54 222.71
vehicle 817.90 167.26 908.98 216.07
vehicle 799.13 171.92 891.60 214.91
vehicle 778.39 168.26 868.16 208.69
vehicle 668.13 179.04 738.67 234.20
vehicle 482.72 179.75 546.13 224.73
vehicle 507.24 167.30 561.07 213.94
vehicle 714.37 169.13 783.10 199.60
vehicle 611.99 146.53 661.33 198.05
