person 675.10 145.26 693.10 201.94
person 256.20 137.11 295.20 258.95
person 879.92 135.07 1099.38 369.00
person 973.66 116.81 1206.00 369.00
person 742.10 143.33 819.10 308.69
person 679.26 144.92 736.93 305.11
person 835.76 140.21 901.10 305.00
person 911.82 145.64 965.16 303.14
person 953.06 165.86 996.73 243.38
person 491.02 143.51 539.02 298.37
person 533.80 153.81 563.47 283.67
person 567.95 139.35 611.29 281.22
person 616.11 158.88 650.45 275.30
person 632.12 142.21 670.12 267.15
person 477.28 142.98 507.62 234.86
person 559.55 146.84 586.55 231.31
person 593.70 141.83 622.37 233.43
person 642.46 141.71 683.27 228.33
vehicle 0.00 0.00 267.40 369.00
