vehicle 1122.78 118.44 1241.00 285.48
vehicle 50.86 189.87 376.28 374.00
vehicle 300.42 183.07 469.73 283.38
vehicle 1010.62 150.57 1146.32 230.49
vehicle 895.50 162.51 1018.67 226.84
vehicle 845.43 164.67 949.10 221.42
vehicle 821.42 168.08 924.90 216.70
vehicle 797.50 164.56 897.66 210.15
vehicle 676.21 174.56 757.80 239.73
vehicle 667.15 181.60 723.61 223.50
vehicle 461.56 174.98 535.32 226.52
vehicle 492.78 163.55 553.91 215.59
vehicle 718.99 165.49 793.83 198.52
vehicle 608.06 141.86 661.87 196.83
