person 687.82 148.05 705.33 205.58
person 273.98 136.60 312.20 256.67
person 899.82 143.42 999.56 369.00
person 887.66 136.79 967.82 330.39
person 770.77 137.77 911.33 360.92
person 817.16 141.71 913.67 369.00
person 566.02 141.56 605.49 237.03
person 602.70 134.19 642.62 233.12
person 562.58 140.90 595.75 223.91
person 527.68 142.23 563.89 227.77
person 594.02 145.12 628.65 214.50
person 442.44 141.37 467.88 228.36
person 469.72 147.61 491.62 221.59
person 487.86 137.42 513.60 220.12
person 519.86 152.61 541.43 221.32
vehicle 0.00 0.00 267.65 369.00
