vehicle 588.32 184.65 641.69 228.67
vehicle 230.07 183.38 438.76 283.64
vehicle 314.10 179.55 471.84 259.95
vehicle 394.56 181.88 507.11 231.47
vehicle 426.15 150.11 551.80 220.25
person 790.00 175.28 834.00 265.60
vehicle 1043.31 174.43 1241.00 295.52
vehicle 638.69 170.16 669.53 200.35
vehicle 593.93 178.34 627.19 208.68
vehicle 471.57 171.51 562.98 211.03
vehicle 55.77 169.86 204.94 228.47
vehicle 185.37 180.11 273.59 215.76
person 252.25 166.71 269.25 209.69
person 304.78 173.60 316.12 202.49
vehicle 363.01 158.28 431.10 205.34
