vehicle 0.00 183.68 272.99 356.21
vehicle 9.86 176.79 311.62 312.58
vehicle 78.22 176.21 389.45 285.01
vehicle 173.93 176.00 373.41 260.43
vehicle 249.03 182.99 433.47 252.92
vehicle 267.23 180.93 449.65 242.89
vehicle 345.09 172.15 474.56 225.02
vehicle 362.55 164.47 493.57 224.31
vehicle 554.25 178.40 566.05 207.32
vehicle 743.07 191.10 933.31 321.55
vehicle 812.46 173.52 1041.43 261.73
vehicle 762.48 181.97 899.79 238.81
vehicle 705.44 180.90 825.64 220.44
vehicle 707.88 173.74 808.30 218.15
vehicle 437.27 179.20 527.39 209.23
vehicle 460.02 180.87 538.20 208.68
vehicle 636.15 179.73 669.23 204.60
