vehicle 584.57 179.28 640.67 224.96
vehicle 167.62 184.18 391.90 303.36
vehicle 281.53 164.49 466.76 272.51
vehicle 381.98 181.38 515.29 236.03
vehicle 402.34 178.47 519.36 226.90
vehicle 452.87 176.04 534.60 209.53
vehicle 479.93 176.09 550.77 205.95
vehicle 697.33 138.32 845.97 259.71
vehicle 656.95 177.43 690.57 203.47
vehicle 636.33 163.35 664.99 193.10
vehicle 588.93 175.15 625.23 207.06
vehicle 0.00 188.07 143.91 301.52
vehicle 2.90 178.60 181.62 237.71
vehicle 241.87 151.23 362.54 232.61
vehicle 166.21 172.18 264.39 220.27
