vehicle 0.00 197.29 331.60 374.00
vehicle 1139.30 150.24 1241.00 269.01
vehicle 1014.09 151.29 1178.79 248.19
vehicle 944.44 158.79 1097.02 234.60
vehicle 892.77 158.47 1035.62 225.59
vehicle 856.42 166.12 992.99 218.90
vehicle 731.32 172.63 896.06 292.12
vehicle 705.63 181.01 795.76 244.82
vehicle 392.46 176.59 515.72 257.14
vehicle 457.22 161.29 548.71 234.63
vehicle 758.01 158.06 855.54 200.19
vehicle 523.82 174.79 573.07 212.78
vehicle 564.90 172.33 629.42 195.70
vehicle 620.37 133.31 683.48 199.31
