vehicle 543.87 183.75 591.75 221.83
vehicle 0.00 211.64 372.66 374.00
vehicle 0.00 186.27 220.99 361.90
vehicle 271.83 187.76 423.42 246.77
vehicle 343.60 181.47 455.70 235.80
vehicle 400.62 183.64 496.56 221.13
vehicle 440.00 184.61 511.35 217.21
vehicle 453.16 172.24 526.88 208.08
vehicle 683.62 186.58 822.98 287.86
vehicle 674.66 188.82 754.16 254.16
vehicle 643.24 183.82 714.22 235.91
vehicle 616.41 127.59 686.35 218.27
vehicle 184.05 186.79 274.01 226.36
vehicle 562.29 180.63 598.06 211.43
