vehicle 565.61 181.09 623.31 228.11
vehicle 33.67 195.60 434.55 374.00
vehicle 321.43 192.10 491.16 307.47
vehicle 182.28 191.06 357.06 281.83
vehicle 352.79 182.17 460.34 229.13
vehicle 381.63 177.25 481.57 223.19
vehicle 427.02 180.55 499.01 211.61
vehicle 522.84 178.72 564.81 208.46
vehicle 459.47 175.24 528.26 201.87
vehicle 778.40 171.30 1086.77 374.00
vehicle 646.57 180.10 704.12 223.22
vehicle 633.19 129.49 700.38 207.68
person 727.28 167.90 738.62 211.50
vehicle 101.06 184.65 222.95 228.44
vehicle 581.28 176.45 617.58 209.59
