vehicle 591.04 177.61 644.43 221.01
vehicle 153.47 188.11 340.54 294.40
vehicle 239.27 176.30 412.85 264.82
vehicle 351.47 180.27 468.94 229.26
vehicle 501.10 183.44 567.50 231.53
vehicle 528.12 178.71 581.80 220.51
vehicle 432.67 173.78 524.78 210.78
vehicle 712.55 185.13 844.50 276.57
vehicle 673.33 103.13 792.76 230.65
person 812.63 165.70 834.63 240.90
vehicle 649.62 174.23 686.34 204.61
vehicle 626.90 144.93 664.89 193.28
vehicle 592.95 174.28 627.92 206.19
vehicle 202.92 177.71 288.08 215.97
