vehicle 590.85 184.27 656.15 238.01
vehicle 878.21 74.20 1241.00 374.00
vehicle 0.00 160.33 111.20 262.24
vehicle 28.42 173.53 321.77 374.00
vehicle 184.56 183.43 417.19 297.87
vehicle 276.93 184.09 477.81 269.77
vehicle 413.93 179.44 527.41 235.85
vehicle 489.15 177.64 565.98 208.64
vehicle 735.30 189.15 854.86 262.42
vehicle 701.57 174.53 779.45 231.36
person 685.42 178.25 706.42 225.96
vehicle 599.80 178.72 638.15 213.70
vehicle 155.48 172.41 270.14 216.70
vehicle 784.55 163.93 875.94 200.11
