vehicle 593.50 180.08 709.68 289.78
vehicle 723.14 173.46 850.06 232.50
vehicle 690.49 178.04 765.94 215.22
vehicle 669.51 179.54 737.09 207.44
vehicle 296.10 191.28 404.46 253.52
vehicle 13.75 199.83 218.74 278.64
vehicle 516.43 180.28 552.42 204.32
vehicle 572.53 177.92 599.28 196.54
vehicle 347.48 186.08 422.44 222.93
vehicle 397.29 178.84 449.40 215.51
vehicle 454.10 180.62 498.56 205.45
vehicle 512.38 182.51 552.84 200.35
vehicle 226.73 183.46 306.01 221.05
vehicle 210.43 182.32 295.23 210.19
