person 33.32 162.02 72.14 217.57
person 488.15 162.06 501.40 199.09
vehicle 439.53 155.02 494.43 197.11
vehicle 476.90 162.39 531.39 193.68
vehicle 525.02 163.99 589.54 191.20
vehicle 671.55 153.15 735.52 187.80
vehicle 706.48 161.57 754.53 185.01
vehicle 745.50 159.30 797.86 184.25
vehicle 773.73 164.66 833.63 184.48
vehicle 809.99 164.05 854.40 184.02
vehicle 832.40 165.62 881.62 184.48
vehicle 854.84 163.32 912.66 183.02
vehicle 899.08 153.40 960.89 180.94
vehicle 925.78 161.14 981.00 179.88
vehicle 950.99 162.20 999.43 179.36
