vehicle 569.31 175.07 770.41 364.78
vehicle 1147.99 176.19 1241.00 374.00
vehicle 718.22 169.14 840.88 225.75
vehicle 688.23 173.33 761.87 209.09
vehicle 668.10 174.23 734.56 201.19
vehicle 530.45 176.85 561.03 197.67
vehicle 45.95 193.53 233.08 266.77
vehicle 592.43 172.79 616.66 187.77
vehicle 353.03 181.20 426.73 216.45
vehicle 402.28 173.74 452.32 209.65
vehicle 457.46 175.69 500.85 199.84
vehicle 515.04 176.84 553.41 194.15
vehicle 236.87 178.85 313.40 214.98
vehicle 222.93 179.19 304.56 205.94
