vehicle 563.00 182.26 621.72 230.34
vehicle 0.00 196.45 141.01 374.00
vehicle 0.00 220.76 439.97 374.00
vehicle 323.61 190.60 490.47 317.19
vehicle 407.23 190.92 514.45 267.85
vehicle 281.31 190.01 416.84 255.00
vehicle 524.09 180.86 559.27 206.98
vehicle 775.71 204.89 1241.00 374.00
vehicle 705.48 178.55 855.10 292.15
vehicle 631.40 183.25 680.85 219.64
vehicle 620.14 134.58 679.61 202.95
person 701.42 169.96 710.75 207.67
vehicle 171.16 184.17 266.03 220.89
vehicle 572.82 179.88 609.67 213.54
vehicle 0.00 190.71 112.37 248.21
