vehicle 593.59 176.28 646.91 226.70
vehicle 0.00 213.30 137.28 366.74
vehicle 954.00 165.44 1241.00 374.00
vehicle 745.17 175.53 939.55 269.10
vehicle 731.66 173.41 883.09 245.17
vehicle 720.57 168.85 842.48 230.86
vehicle 670.79 161.42 779.16 215.39
vehicle 659.82 174.51 741.09 207.58
vehicle 646.80 174.10 700.85 196.26
vehicle 338.12 176.24 407.99 215.35
vehicle 505.55 160.58 546.53 197.88
vehicle 387.65 179.61 439.27 210.97
vehicle 425.67 183.19 465.42 205.34
vehicle 475.33 179.27 508.75 196.68
vehicle 327.49 181.07 369.54 208.06
vehicle 30.46 182.30 74.58 213.86
