vehicle 1211.83 99.88 1241.00 374.00
vehicle 248.46 187.22 419.06 296.50
vehicle 0.00 183.23 450.06 374.00
vehicle 880.24 136.38 1071.94 205.18
vehicle 1040.76 142.93 1136.29 188.33
vehicle 1181.78 130.42 1241.00 182.25
vehicle 1086.95 145.14 1195.41 186.38
vehicle 434.82 185.95 505.02 231.92
vehicle 370.44 187.28 477.35 256.21
vehicle 680.53 175.24 735.81 213.40
vehicle 472.27 183.96 523.77 222.80
vehicle 614.87 181.44 650.68 210.18
vehicle 674.65 173.46 766.75 205.85
vehicle 598.85 174.05 640.44 189.87
