vehicle 261.43 179.69 469.44 307.71
vehicle 1116.09 131.17 1210.36 206.14
person 586.45 154.47 624.38 232.12
vehicle 857.95 151.26 906.26 194.15
person 395.56 156.06 429.71 245.31
vehicle 883.89 147.19 913.30 197.40
person 166.75 177.64 194.47 242.58
person 146.09 181.30 175.00 244.17
vehicle 291.59 167.38 380.37 248.32
person 167.93 177.67 204.55 243.50
person 122.47 172.54 166.17 255.53
person 272.00 163.03 298.41 243.99
vehicle 1188.66 131.23 1223.00 174.54
vehicle 1068.25 148.32 1211.02 185.59
