person 272.85 156.04 300.52 223.11
person 376.59 160.83 395.26 205.12
person 125.93 149.86 157.93 235.85
person 257.31 153.64 273.65 197.97
vehicle 547.16 172.38 584.71 200.57
vehicle 960.64 180.90 1068.87 229.08
vehicle 1033.95 183.19 1154.85 229.32
vehicle 1097.34 183.53 1223.00 230.25
person 106.25 153.91 145.25 233.70
person 300.11 153.07 318.11 200.80
person 273.64 158.35 301.11 200.42
person 176.86 156.01 201.86 231.32
person 132.58 149.95 156.91 227.25
person 1050.67 165.49 1186.67 369.00
vehicle 500.63 166.31 512.31 196.11
person 119.56 157.64 141.56 223.05
person 77.28 151.70 112.61 225.15
vehicle 601.51 171.69 637.58 199.90
person 223.04 153.27 234.70 197.14
person 1192.19 180.94 1205.86 216.85
