vehicle 1061.94 96.68 1241.00 374.00
vehicle 280.52 184.02 428.53 280.95
vehicle 143.54 179.75 493.65 374.00
vehicle 861.45 139.20 1039.65 203.78
vehicle 1018.27 144.44 1106.32 187.69
vehicle 1153.72 132.38 1241.00 183.20
vehicle 1061.23 147.01 1161.55 186.28
vehicle 439.12 184.57 505.22 228.00
vehicle 381.68 184.81 480.18 248.40
vehicle 673.90 172.28 726.29 208.82
vehicle 473.30 180.94 522.38 217.84
vehicle 609.73 179.26 645.59 206.93
vehicle 668.00 173.81 756.37 204.96
vehicle 585.17 172.42 625.69 188.05
