person 942.50 139.17 998.17 271.83
vehicle 101.02 181.56 291.32 374.00
vehicle 374.87 169.25 432.69 280.20
vehicle 731.21 170.10 920.86 306.41
vehicle 683.52 160.94 795.45 256.90
vehicle 664.20 161.25 743.62 233.46
vehicle 658.55 170.00 712.24 218.66
person 631.19 161.61 645.85 195.62
person 639.42 163.12 651.42 196.04
vehicle 529.89 166.45 556.53 193.38
person 589.52 167.03 599.52 189.94
vehicle 451.22 176.71 504.36 216.00
vehicle 0.00 202.70 258.27 374.00
vehicle 179.39 189.72 380.43 305.19
vehicle 316.65 182.67 440.85 260.31
vehicle 391.19 175.46 475.29 233.88
