vehicle 593.71 174.47 648.75 226.51
vehicle 1130.78 166.92 1241.00 374.00
vehicle 772.48 174.07 991.71 286.36
vehicle 745.61 172.62 912.45 254.37
vehicle 732.06 166.31 864.95 235.17
vehicle 675.63 159.37 791.64 217.62
vehicle 663.13 173.47 748.53 208.40
vehicle 648.36 172.65 704.30 195.56
vehicle 321.30 175.72 397.11 217.24
vehicle 496.87 157.86 541.26 198.32
vehicle 376.30 178.21 431.41 211.20
vehicle 418.13 182.01 460.24 205.02
vehicle 472.70 177.51 506.68 195.49
vehicle 313.98 179.76 359.40 207.98
vehicle 0.97 179.57 45.70 212.71
