vehicle 584.18 176.50 643.19 224.47
vehicle 201.15 185.94 404.41 277.27
vehicle 294.18 185.72 451.27 254.07
vehicle 379.69 176.84 476.36 224.67
vehicle 491.77 183.72 563.48 229.75
vehicle 450.74 177.51 522.78 208.22
vehicle 721.49 85.68 1020.89 329.59
vehicle 682.89 175.83 782.44 244.05
vehicle 667.54 179.14 739.01 226.34
vehicle 660.95 170.51 710.96 213.05
vehicle 634.80 176.62 663.84 199.15
vehicle 0.00 192.78 197.65 282.54
vehicle 139.00 153.80 317.73 251.37
vehicle 590.90 173.55 629.78 209.03
vehicle 0.00 185.77 135.46 239.86
