person 680.38 147.76 695.88 204.26
person 270.26 136.28 309.93 256.48
person 713.52 146.36 778.19 338.63
person 807.57 132.46 870.91 328.82
person 647.52 140.84 689.18 266.76
person 609.23 141.17 657.23 265.75
person 703.24 140.49 769.59 258.39
person 775.88 145.45 811.21 256.33
person 1108.35 181.36 1150.69 259.38
person 480.31 142.40 519.31 265.92
person 493.05 150.10 523.72 253.98
person 533.39 138.21 567.73 253.58
person 574.97 156.05 606.63 250.63
person 566.12 142.13 612.52 242.89
person 457.92 144.64 483.26 223.02
person 529.80 147.24 548.80 219.41
person 560.35 140.69 582.02 218.35
person 602.34 142.74 638.32 216.93
vehicle 0.00 0.00 267.48 369.00
