vehicle 596.61 177.49 659.10 228.18
vehicle 42.58 181.41 325.36 370.44
vehicle 364.86 178.83 520.29 245.10
vehicle 439.62 174.02 531.54 219.21
vehicle 459.91 173.31 550.30 212.60
vehicle 490.99 171.67 565.41 200.91
vehicle 524.77 157.89 590.76 192.07
vehicle 894.76 171.85 1241.00 374.00
person 844.54 180.74 910.21 332.74
vehicle 779.18 186.00 945.56 282.12
vehicle 733.39 183.76 834.53 246.18
vehicle 708.84 167.53 789.72 226.05
person 684.63 171.30 699.96 204.54
vehicle 127.30 177.86 320.30 255.72
vehicle 271.22 175.24 385.41 230.52
vehicle 607.02 170.76 643.16 203.72
vehicle 0.00 182.12 182.50 295.58
vehicle 336.74 172.01 411.08 217.62
vehicle 862.43 154.95 1005.78 209.57
vehicle 52.78 173.67 187.85 232.42
