vehicle 0.00 185.49 178.85 347.31
vehicle 0.00 186.55 323.31 314.02
vehicle 54.43 180.34 354.22 281.14
vehicle 916.04 186.80 1241.00 374.00
vehicle 694.28 188.58 793.40 256.49
vehicle 219.97 180.77 419.67 260.95
vehicle 279.82 175.23 441.06 253.41
vehicle 338.49 177.22 463.15 234.93
vehicle 740.78 187.09 871.05 229.48
vehicle 398.17 160.17 502.76 214.70
vehicle 635.46 161.89 674.57 202.70
vehicle 449.12 179.28 530.79 206.71
vehicle 473.92 172.42 545.97 202.35
vehicle 626.27 164.23 653.36 196.08
