vehicle 382.68 174.95 505.11 255.82
vehicle 972.91 138.16 1058.54 207.88
vehicle 897.66 142.94 961.98 200.74
person 544.88 160.88 569.57 220.17
vehicle 731.69 158.20 772.61 195.96
person 403.55 160.64 424.91 226.75
vehicle 834.58 154.08 861.61 195.57
person 226.96 177.30 249.18 228.38
person 219.29 179.87 243.46 229.13
vehicle 287.50 169.56 361.55 234.93
person 305.15 174.91 327.88 225.61
person 278.99 173.25 315.69 235.63
person 387.33 160.97 410.73 223.98
vehicle 1094.19 143.19 1223.00 180.80
vehicle 990.60 156.16 1106.16 187.52
