vehicle 574.96 178.55 626.70 219.02
vehicle 179.92 186.31 359.88 273.56
vehicle 407.04 190.06 533.28 278.30
vehicle 469.51 181.21 555.55 246.33
vehicle 353.69 172.91 477.78 224.82
vehicle 851.75 209.09 1241.00 374.00
vehicle 691.65 51.38 929.99 285.33
person 931.71 162.32 1008.38 316.64
vehicle 647.45 177.24 699.32 217.86
vehicle 633.80 178.87 671.18 207.79
vehicle 621.04 141.61 665.51 199.94
vehicle 245.79 177.85 320.74 210.78
vehicle 570.08 177.14 603.94 208.05
vehicle 0.00 174.75 125.60 234.57
