person 1228.65 108.87 1241.00 374.00
vehicle 286.48 161.18 359.49 272.57
vehicle 327.85 164.43 387.78 252.32
vehicle 472.72 148.40 566.18 218.63
person 0.00 191.32 50.53 270.06
person 23.23 190.00 104.88 262.92
person 38.98 169.81 75.92 267.84
person 1020.80 220.00 1136.39 374.00
person 1077.90 220.70 1198.51 374.00
person 219.32 184.89 265.47 238.85
vehicle 615.58 170.58 657.67 219.18
person 931.82 165.28 954.93 227.20
person 802.83 175.99 843.19 216.49
person 794.42 177.99 835.97 214.15
vehicle 399.39 176.01 477.04 202.67
