vehicle 574.50 177.83 631.23 223.94
vehicle 117.89 187.45 382.34 331.70
vehicle 214.32 180.18 427.26 282.18
vehicle 363.08 180.55 487.20 235.36
vehicle 423.92 175.73 524.84 219.72
vehicle 497.53 174.11 568.24 203.61
vehicle 820.19 0.93 1241.00 374.00
vehicle 757.28 184.27 945.35 293.44
vehicle 669.79 181.65 722.44 218.91
vehicle 640.49 163.88 676.19 200.80
vehicle 590.33 176.42 627.08 209.95
vehicle 0.00 129.70 135.74 294.83
vehicle 38.85 181.77 161.50 229.74
vehicle 222.42 178.33 303.86 211.17
