vehicle 0.00 190.79 151.97 374.00
vehicle 0.00 185.09 255.30 328.88
vehicle 102.28 179.21 361.03 278.06
vehicle 164.34 155.26 399.48 257.41
vehicle 507.70 178.49 528.67 225.32
vehicle 1033.91 189.32 1241.00 374.00
vehicle 905.18 183.47 1236.00 309.56
vehicle 864.45 181.45 1081.93 280.61
vehicle 788.19 180.94 1019.51 266.52
vehicle 748.52 183.75 948.17 248.99
vehicle 743.96 171.04 902.80 239.97
vehicle 355.47 179.02 485.28 221.52
vehicle 391.48 179.39 500.24 217.46
vehicle 631.86 179.05 677.05 212.49
vehicle 620.37 176.81 646.87 199.36
vehicle 606.32 168.46 622.08 187.14
