vehicle 0.00 181.56 164.89 374.00
vehicle 0.00 175.15 241.65 349.09
vehicle 0.00 171.29 348.48 302.83
vehicle 100.13 173.28 336.53 271.35
vehicle 197.33 184.55 410.45 264.45
vehicle 226.34 174.59 431.55 243.76
vehicle 318.96 169.63 461.62 227.41
vehicle 338.01 159.64 480.82 224.41
vehicle 548.23 174.53 561.09 205.67
vehicle 768.71 193.46 1032.81 365.48
vehicle 840.01 173.06 1110.50 275.40
vehicle 809.57 179.05 1003.89 258.28
vehicle 776.83 180.03 930.85 243.05
vehicle 730.98 177.26 869.89 229.59
vehicle 710.28 179.02 839.92 221.58
vehicle 712.67 170.34 820.30 217.80
vehicle 425.89 173.06 521.43 204.81
vehicle 450.54 176.00 532.91 205.22
vehicle 635.38 177.61 670.18 203.70
vehicle 614.72 166.15 629.54 183.21
