person 309.64 159.11 329.64 208.48
person 409.45 162.84 423.45 197.94
person 310.47 155.51 324.47 192.28
vehicle 960.79 180.90 1069.06 229.09
vehicle 1034.11 183.19 1155.06 229.32
vehicle 1097.51 183.53 1223.00 230.26
person 338.28 155.40 351.94 194.58
person 320.18 158.99 339.67 193.46
person 40.22 152.68 81.89 258.51
person 4.19 144.60 50.52 252.03
person 516.56 163.35 571.56 275.79
person 665.45 153.27 708.12 272.58
vehicle 392.79 162.25 427.49 230.72
vehicle 601.58 171.69 637.66 199.90
person 296.52 156.65 309.52 193.17
person 220.75 153.26 235.09 197.15
person 1060.44 175.91 1084.44 212.19
