vehicle 587.20 182.58 658.23 240.75
vehicle 0.00 170.18 112.88 262.92
vehicle 741.96 140.49 922.12 295.03
person 193.47 144.46 275.14 374.00
vehicle 135.81 162.32 273.05 231.10
vehicle 288.00 172.05 458.22 262.81
vehicle 335.23 179.59 486.33 244.08
vehicle 378.78 179.77 517.76 233.59
vehicle 456.67 178.92 543.18 220.37
vehicle 504.66 177.05 569.00 202.57
vehicle 694.91 182.75 767.38 230.27
vehicle 677.92 172.13 733.65 215.07
person 674.81 175.19 687.31 212.05
vehicle 589.40 178.68 629.92 215.66
vehicle 249.77 173.52 333.37 208.06
