vehicle 585.69 176.90 645.89 225.80
vehicle 0.00 192.93 242.21 374.00
vehicle 241.20 172.44 393.58 252.79
vehicle 395.25 187.06 537.33 273.10
vehicle 468.21 177.42 546.33 242.73
vehicle 390.09 175.51 485.68 217.95
vehicle 1012.34 0.00 1018.49 374.00
person 935.95 181.93 1033.62 374.00
vehicle 751.90 184.21 1025.06 351.08
vehicle 703.73 186.04 847.46 273.98
vehicle 682.67 170.42 764.06 235.06
vehicle 640.24 177.06 677.34 205.43
vehicle 632.36 138.72 679.23 195.26
vehicle 0.00 131.56 78.76 288.53
vehicle 587.90 173.21 625.80 207.79
vehicle 164.12 174.99 258.95 213.76
