vehicle 589.69 174.36 649.90 223.34
vehicle 10.12 187.04 300.55 337.44
vehicle 180.20 188.18 389.57 288.28
vehicle 333.11 175.35 449.44 235.29
vehicle 460.04 184.58 556.11 244.46
vehicle 427.03 175.36 508.11 210.92
vehicle 786.02 0.00 1241.00 374.00
person 802.57 176.55 842.90 289.37
vehicle 710.68 173.87 859.08 270.88
vehicle 685.07 177.69 782.49 238.91
vehicle 671.90 166.24 734.53 217.62
vehicle 641.69 174.51 674.45 199.65
vehicle 0.00 139.72 236.71 277.15
vehicle 593.50 171.05 631.97 206.14
vehicle 236.64 175.04 311.27 207.80
