vehicle 588.45 184.70 654.62 239.26
vehicle 832.58 99.71 1241.00 374.00
vehicle 0.00 160.60 155.17 261.87
vehicle 112.02 173.84 368.26 335.49
vehicle 226.71 184.71 437.51 283.78
vehicle 305.05 186.29 488.54 263.00
vehicle 424.99 180.96 531.84 233.59
vehicle 493.88 179.35 566.95 209.09
vehicle 724.59 187.14 830.47 253.09
vehicle 695.46 175.24 767.37 228.47
person 681.29 177.36 699.62 222.40
vehicle 596.75 178.80 635.57 214.22
vehicle 176.55 174.60 283.66 216.51
vehicle 779.31 162.71 868.00 197.87
