vehicle 593.77 173.52 649.71 226.41
vehicle 790.25 173.16 1024.30 297.95
vehicle 754.05 172.03 929.83 260.02
vehicle 738.74 164.82 877.88 237.71
vehicle 678.33 158.22 798.56 218.87
vehicle 664.92 172.62 752.56 208.57
vehicle 649.18 171.89 706.12 195.19
vehicle 312.08 175.44 391.21 218.28
vehicle 491.95 156.32 538.32 198.57
vehicle 370.16 177.46 427.20 211.33
vehicle 414.11 181.39 457.49 204.85
vehicle 471.32 176.59 505.59 194.86
vehicle 306.73 179.02 353.98 207.93
vehicle 0.00 179.70 30.63 213.33
