vehicle 551.98 182.12 599.02 220.57
vehicle 0.00 218.55 403.94 374.00
vehicle 279.59 190.61 503.07 345.61
vehicle 199.43 179.49 390.61 268.02
vehicle 349.44 182.97 466.87 225.97
vehicle 394.90 178.37 485.07 219.76
vehicle 434.44 180.71 514.45 210.91
vehicle 464.24 180.76 524.27 207.60
vehicle 472.30 171.38 536.31 202.06
vehicle 760.73 0.00 1181.97 374.00
vehicle 657.62 180.35 738.10 242.50
vehicle 634.15 179.75 685.70 218.63
vehicle 612.42 135.71 671.66 209.47
vehicle 90.94 184.33 217.07 231.15
vehicle 559.03 178.33 593.57 208.73
