person 387.35 161.43 402.68 202.20
vehicle 349.57 153.67 410.53 200.23
vehicle 391.74 163.21 451.69 197.45
vehicle 444.95 162.72 514.94 192.21
vehicle 604.10 154.09 670.98 190.60
vehicle 638.62 161.87 689.60 186.32
vehicle 680.49 159.18 733.98 185.12
vehicle 710.12 164.98 769.35 185.33
vehicle 746.67 165.27 790.12 185.68
vehicle 767.23 166.05 816.45 185.32
vehicle 789.60 164.12 847.11 184.12
vehicle 831.99 153.92 892.43 181.69
vehicle 856.76 160.21 910.13 179.01
vehicle 881.46 162.98 928.15 180.11
