vehicle 581.03 181.21 637.39 227.18
vehicle 0.00 186.31 291.16 374.00
vehicle 182.41 159.90 419.30 309.91
vehicle 339.14 184.20 494.23 251.09
vehicle 368.31 179.22 502.45 236.27
vehicle 432.44 179.23 523.08 217.07
vehicle 467.65 174.12 545.10 206.94
vehicle 713.78 126.30 917.10 285.13
vehicle 700.66 181.57 791.77 241.18
vehicle 659.26 179.57 697.21 208.05
vehicle 637.71 163.14 667.95 194.65
vehicle 587.18 174.22 624.04 206.42
vehicle 0.00 177.25 102.06 243.30
vehicle 163.57 147.62 319.98 246.55
vehicle 92.59 169.38 214.24 225.03
