vehicle 599.58 182.39 691.68 269.98
vehicle 726.47 175.56 860.04 238.96
vehicle 690.45 180.14 768.60 218.94
vehicle 669.90 181.51 739.67 210.55
vehicle 0.00 204.64 180.26 354.63
vehicle 0.00 202.80 183.72 289.63
vehicle 479.17 183.97 524.23 214.44
vehicle 550.51 180.80 581.09 202.48
vehicle 589.29 179.41 610.75 196.18
vehicle 332.74 188.76 412.45 227.72
vehicle 388.56 181.64 442.58 219.75
vehicle 448.47 183.10 493.92 208.73
vehicle 507.37 183.45 548.96 201.79
vehicle 206.51 187.26 290.63 226.91
vehicle 189.94 185.87 279.40 215.23
