vehicle 595.12 185.32 658.72 237.83
vehicle 0.00 183.86 277.36 374.00
vehicle 128.12 190.92 420.30 327.67
vehicle 368.22 179.27 508.74 252.56
vehicle 393.59 183.85 507.81 241.49
vehicle 472.25 179.43 562.42 215.36
vehicle 546.72 164.99 600.01 191.70
vehicle 780.33 196.13 972.37 305.49
vehicle 723.76 178.81 828.68 251.17
person 706.35 182.41 731.35 240.48
vehicle 681.69 176.56 729.75 214.34
vehicle 604.97 177.84 642.97 211.99
vehicle 59.49 172.02 211.05 226.18
vehicle 801.80 167.18 902.93 206.89
