vehicle 557.16 177.34 604.75 216.05
vehicle 0.00 191.35 138.59 358.37
vehicle 166.13 202.36 475.26 374.00
vehicle 379.86 183.74 526.83 289.08
vehicle 265.89 177.30 427.20 249.09
vehicle 376.15 178.17 481.94 216.01
vehicle 447.22 176.40 521.10 203.81
vehicle 480.87 167.79 541.07 196.47
vehicle 721.65 0.00 1196.45 374.00
vehicle 651.69 175.55 718.77 228.21
vehicle 632.35 175.01 677.96 209.76
vehicle 611.76 133.67 666.96 201.40
vehicle 151.10 179.61 254.22 220.37
vehicle 559.41 173.99 593.33 204.38
