vehicle 0.00 186.98 162.48 374.00
vehicle 4.79 178.02 319.43 295.22
vehicle 97.43 153.06 371.57 270.37
vehicle 493.82 176.70 518.07 229.36
vehicle 972.24 185.74 1241.00 347.65
vehicle 904.33 185.36 1170.90 305.63
vehicle 813.84 181.96 1085.69 281.83
vehicle 762.52 184.69 989.27 258.69
vehicle 756.20 170.71 933.85 247.37
vehicle 331.79 181.13 472.47 226.97
vehicle 373.28 180.05 490.40 220.86
vehicle 631.53 179.33 679.81 214.99
vehicle 619.45 176.99 647.16 200.51
vehicle 604.48 168.23 620.58 187.31
