vehicle 0.00 173.92 193.01 374.00
vehicle 0.00 166.83 323.01 313.47
vehicle 53.53 171.56 313.85 278.25
vehicle 165.64 185.79 396.63 271.87
vehicle 202.09 170.30 420.96 243.80
vehicle 303.97 168.19 454.28 228.78
vehicle 326.58 157.81 475.87 225.34
vehicle 544.83 172.61 558.28 204.94
vehicle 786.40 197.18 1114.19 374.00
vehicle 856.93 172.77 1154.18 284.02
vehicle 822.00 180.60 1032.03 265.48
vehicle 785.16 178.81 949.12 245.54
vehicle 777.42 175.36 901.01 234.03
vehicle 735.07 174.57 880.56 229.26
vehicle 712.97 177.96 847.91 222.21
vehicle 715.07 169.02 826.68 218.16
vehicle 420.16 172.16 518.42 204.77
vehicle 445.42 173.35 530.06 203.35
vehicle 634.93 174.53 670.66 201.28
vehicle 613.93 163.41 628.85 180.63
