vehicle 0.00 185.93 214.05 348.86
vehicle 57.68 178.66 341.72 285.91
vehicle 133.20 154.23 386.37 263.44
vehicle 501.01 178.40 523.53 228.03
vehicle 1094.88 190.09 1241.00 374.00
vehicle 934.82 184.38 1241.00 326.25
vehicle 882.79 183.25 1122.39 291.95
vehicle 800.16 181.42 1050.12 273.59
vehicle 755.13 184.19 967.47 253.54
vehicle 749.78 170.88 917.51 243.48
vehicle 344.07 180.05 479.10 224.15
vehicle 382.70 179.71 495.48 219.10
vehicle 631.71 179.85 678.40 214.37
vehicle 619.92 176.90 647.01 199.92
vehicle 605.20 168.44 621.13 187.32
