person 852.64 136.08 959.31 373.00
person 1007.57 115.40 1080.57 320.25
person 1218.25 123.54 1237.00 321.17
person 57.62 238.01 237.86 373.00
person 167.99 235.07 299.01 373.00
person 344.56 200.41 429.34 293.80
person 200.83 235.50 333.77 373.00
person 513.72 162.17 537.38 247.10
person 483.25 164.22 510.91 244.73
person 577.21 161.67 601.87 232.35
person 609.68 160.27 626.18 212.88
person 629.62 162.20 647.96 230.16
person 698.63 155.80 719.30 215.36
vehicle 541.78 167.16 572.66 191.29
person 464.39 162.89 505.43 230.99
person 660.01 162.33 677.01 223.21
