vehicle 0.96386015 726.57 161.46 875.61 251.505
vehicle 0.8823929 835.245 186.3 1043.28 304.29
vehicle 0.8571398 369.495 170.775 490.59 257.715
vehicle 0.63797677 825.93 183.195 1226.475 322.92
vehicle 0.5683538 937.71 189.405 1105.3799999999999 326.025
vehicle 0.4885019 9.315 176.98499999999999 133.515 270.135
vehicle 0.46675768 229.77 167.67 341.55 248.4
vehicle 0.2938894 596.16 161.46 670.68 223.56
vehicle 0.27056548 310.5 170.775 434.7 254.60999999999999
vehicle 0.26282296 527.85 167.67 596.16 223.56
person 0.33043286 915.975 180.09 1155.06 363.285
