vehicle 0.9707305 810.405 211.14 1083.645 363.285
vehicle 0.8632757 18.63 164.565 291.87 338.445
vehicle 0.86310714 173.88 164.565 403.65 267.03
vehicle 0.8166006 282.555 164.565 447.12 251.505
vehicle 0.7912172 707.9399999999999 180.09 881.82 267.03
vehicle 0.66734236 953.235 232.875 1245.105 375.705
vehicle 0.54819834 341.55 170.775 481.275 239.085
vehicle 0.40849128 114.885 170.775 301.185 288.765
vehicle 0.40556994 766.935 201.825 903.555 326.025
vehicle 0.2982452 853.875 183.195 1071.225 260.82
