vehicle 0.9126741 0.0 170.775 232.875 291.87
vehicle 0.9078818 223.56 127.30499999999999 456.435 239.085
vehicle 0.8792199 686.205 170.775 813.51 257.715
vehicle 0.69463396 158.355 170.775 335.34 270.135
vehicle 0.50140905 751.41 164.565 875.61 254.60999999999999
vehicle 0.487438 195.615 161.46 388.125 242.19
vehicle 0.37833834 294.975 161.46 503.01 235.98
vehicle 0.37750784 527.85 183.195 701.73 260.82
vehicle 0.575509 872.505 217.35 1024.65 363.285
person 0.30732405 863.1899999999999 201.825 1021.545 366.39
