vehicle 0.99220383 220.455 161.46 391.23 248.4
vehicle 0.77086437 853.875 183.195 1009.125 282.555
vehicle 0.7086018 357.075 161.46 509.21999999999997 235.98
vehicle 0.7078908 111.78 167.67 344.655 245.295
vehicle 0.6738877 937.71 186.3 1102.275 316.71
vehicle 0.5696679 55.89 183.195 267.03 254.60999999999999
vehicle 0.4397905 748.305 173.88 866.295 251.505
vehicle 0.3918299 807.3 176.98499999999999 950.13 260.82
vehicle 0.3501984 1055.7 189.405 1232.685 341.55
vehicle 0.34598467 3.105 201.825 211.14 338.445
vehicle 0.38411775 1018.4399999999999 186.3 1251.315 369.495
