vehicle 0.90844446 114.885 170.775 291.87 276.34499999999997
vehicle 0.8764828 257.715 155.25 459.54 251.505
vehicle 0.84382874 723.465 176.98499999999999 915.975 242.19
vehicle 0.6829469 130.41 139.725 332.235 239.085
vehicle 0.34314457 0.0 170.775 161.46 307.395
vehicle 0.32028982 698.625 183.195 860.085 270.135
vehicle 0.28496286 161.46 114.885 440.91 220.455
vehicle 0.26178077 307.395 145.935 518.535 220.455
vehicle 0.2606604 0.0 242.19 111.78 372.6
person 0.35389504 981.18 229.77 1176.795 369.495
