vehicle 0.99685305 835.245 186.3 1030.86 294.975
vehicle 0.9890814 195.615 155.25 381.915 242.19
vehicle 0.9265623 978.075 186.3 1214.055 322.92
vehicle 0.775503 31.05 170.775 242.19 242.19
vehicle 0.77367604 353.96999999999997 161.46 506.115 226.665
vehicle 0.5876715 0.0 214.245 180.09 344.655
vehicle 0.55620235 738.99 167.67 866.295 248.4
vehicle 0.5305207 74.52 183.195 260.82 288.765
vehicle 0.4696233 149.04 176.98499999999999 307.395 273.24
vehicle 0.41038814 242.19 155.25 456.435 226.665
vehicle 0.37230557 801.09 173.88 940.8149999999999 257.715
