vehicle 0.9529722 111.47347 202.62875 435.73444 370.46625
vehicle 0.888618 808.0056 202.19185 961.0241 289.70798
vehicle 0.8738939 552.6278 183.0433 586.3458 199.14532
vehicle 0.86664706 359.9066 175.76395 533.9367 274.03207
vehicle 0.8282313 655.2568 191.47183 711.2669 224.10199
vehicle 0.80643845 754.4784 200.9722 898.9511 289.087
vehicle 0.7820474 540.6381 192.03763 580.95685 219.1484
vehicle 0.64433897 844.5891 206.0969 996.0756 291.2069
vehicle 0.5996489 617.9628 182.78749 645.7456 198.93832
vehicle 0.58764464 5.2104273 221.01404 183.1077 328.36267
vehicle 0.45452338 661.65814 183.98648 713.3947 197.74174
vehicle 0.44737592 731.6881 206.18062 788.01984 242.17296
vehicle 0.43766555 777.55804 206.73569 857.04083 256.49655
