vehicle 0.96186596 144.8019 197.52663 339.14355 288.59
vehicle 0.89080733 769.4689 174.19604 953.51495 268.18744
vehicle 0.87357056 713.6224 181.95522 769.3847 221.1818
vehicle 0.7496557 682.4284 185.15904 733.87915 219.1684
vehicle 0.70621425 346.10278 184.26202 398.76056 225.27464
vehicle 0.6966444 732.0478 179.89275 771.0802 201.07999
vehicle 0.5485599 694.1423 181.52975 725.3896 202.43266
vehicle 0.5253839 413.38876 190.2188 455.7129 215.22499
vehicle 0.46849892 481.64838 188.81738 513.25916 214.94841
vehicle 0.44810462 558.97815 186.26353 580.1598 199.80556
vehicle 0.44377765 271.11542 193.84937 342.72174 228.7306
vehicle 0.4286642 630.03766 184.46486 663.8044 201.94325
