vehicle 0.961119 8.816887 194.44786 323.5002 320.44046
vehicle 0.8914416 677.1717 176.99347 719.47736 197.53883
vehicle 0.8578923 1111.1475 155.54628 1190.3484 176.09245
vehicle 0.84154475 23.353271 87.51415 454.09442 207.87212
vehicle 0.78705496 352.22308 188.10162 571.32043 299.22354
vehicle 0.7815812 878.9318 164.70905 908.9353 174.3163
vehicle 0.7030415 934.40796 164.95895 968.5532 175.15088
vehicle 0.68631667 1177.5736 154.68175 1236.5726 173.47289
vehicle 0.67789793 1052.2117 160.17006 1099.9794 176.69408
vehicle 0.63784534 817.1594 164.05885 845.8177 173.85599
vehicle 0.5742837 517.1074 175.4922 563.7584 194.5038
vehicle 0.55225503 638.0898 173.98055 669.66595 192.96945
vehicle 0.5301748 1031.0914 163.0299 1066.7656 174.98822
vehicle 0.47197548 744.26935 175.57095 770.8672 191.90227
