vehicle 0.96821344 67.02799 189.00163 383.72827 295.39798
vehicle 0.94956154 0.0 83.62222 455.09692 242.21152
vehicle 0.89136404 427.76022 179.19116 597.806 289.81677
vehicle 0.86248505 1109.8729 155.38641 1190.7782 176.21754
vehicle 0.8423937 676.6821 175.94337 716.0081 195.73225
vehicle 0.79479676 878.7698 164.74167 909.0278 174.32028
vehicle 0.7353877 936.47125 165.15193 969.46497 175.27205
vehicle 0.70605195 1050.8492 160.12747 1100.2839 176.74525
vehicle 0.69459975 686.9298 169.44844 715.47437 180.30148
vehicle 0.68743545 811.6866 164.15685 841.27905 174.20476
vehicle 0.673776 1178.0996 154.55235 1237.6691 173.55418
vehicle 0.5442411 768.841 168.4167 791.0429 180.04065
vehicle 0.5344502 1031.184 162.9653 1067.1644 174.96165
vehicle 0.4483054 521.93634 177.03337 569.82513 199.98347
vehicle 0.41372302 632.6285 169.69351 672.4623 193.30519
