vehicle 0.9615717 2.2803698 204.38402 378.0279 368.07874
vehicle 0.8589125 1111.2833 155.63602 1192.2396 176.20572
vehicle 0.82049936 669.7861 177.82768 717.11365 202.42404
vehicle 0.79644114 878.8039 163.94052 907.8025 173.84073
vehicle 0.795357 132.80266 99.94467 466.30203 220.22818
vehicle 0.7251233 475.6828 176.42645 530.5768 201.00322
vehicle 0.701274 939.2983 165.23381 970.68066 175.26186
vehicle 0.6980871 1049.7197 160.14543 1098.4069 176.77377
vehicle 0.6907844 812.7139 163.93483 841.46533 174.24908
vehicle 0.6526885 1180.244 154.80249 1235.8734 173.36185
vehicle 0.5074016 1032.055 163.1147 1066.9707 174.68573
vehicle 0.41032672 772.4939 169.04216 791.1735 180.07562
