vehicle 0.78252774 720.1603 169.63843 787.3421 207.17921
vehicle 0.75546145 618.1375 166.80124 641.93964 177.05376
vehicle 0.7480513 539.99927 172.88065 589.1694 204.37952
vehicle 0.66498417 597.4938 172.23602 633.5283 192.45952
vehicle 0.6306824 359.511 172.1449 536.59534 275.6627
vehicle 0.6070387 671.05237 175.48521 710.3844 193.88524
vehicle 0.5893514 870.4376 120.62905 1084.611 208.76068
vehicle 0.5332795 679.64307 167.53148 707.9553 182.23106
vehicle 0.5089148 870.4376 120.62905 1084.611 208.76068
vehicle 0.44186047 557.22644 165.82347 586.58545 176.90358
