vehicle 0.8794115 2.8098342 179.60527 157.00415 277.6461
vehicle 0.8751696 334.38037 177.19843 500.4187 262.52103
vehicle 0.8656037 584.3575 184.46577 661.1227 222.27089
vehicle 0.7495228 864.829 191.25934 1022.10767 312.2989
vehicle 0.6713176 545.9909 175.09172 584.8065 196.95262
vehicle 0.6641454 750.7149 171.5551 874.73517 253.45076
vehicle 0.6575749 469.39975 178.37436 524.04517 204.54405
vehicle 0.64805996 829.26654 188.55878 959.7338 304.5041
person 0.53026766 746.3034 175.40355 780.1329 200.14774
vehicle 0.48655263 221.25981 176.45564 360.79666 250.84988
person 0.47436795 688.1547 179.69708 708.75964 199.45552
vehicle 0.43740028 443.82767 185.68204 515.56976 217.33151
