vehicle 0.83667207 1110.5121 155.63365 1193.771 176.00389
vehicle 0.80400425 879.3001 164.69275 908.6177 174.16336
vehicle 0.79227865 669.39954 176.91019 700.7668 194.6733
vehicle 0.754703 813.59546 164.14522 840.9157 174.04726
vehicle 0.6789586 1050.4056 160.53876 1098.934 176.80222
vehicle 0.6747387 939.9547 165.107 970.3427 175.15578
vehicle 0.6717174 757.68524 169.10905 778.3809 179.92436
vehicle 0.6382581 640.6812 176.6086 673.75836 197.0177
vehicle 0.6290717 729.9113 174.86092 757.6263 192.4301
vehicle 0.5946944 486.31052 177.45734 521.45374 202.18031
vehicle 0.5850049 685.61847 169.83241 711.1413 180.33582
vehicle 0.58417565 1177.0696 153.92932 1235.6215 173.4269
vehicle 0.4670897 1032.6239 163.19641 1066.9258 174.80847
vehicle 0.4355539 344.88504 186.79094 403.8349 220.36679
