vehicle 0.8566221 398.2071 192.51862 452.43344 214.61217
vehicle 0.80683964 478.1511 191.52652 513.0824 213.58815
vehicle 0.7572905 380.36774 201.70184 483.7147 256.26474
vehicle 0.7231669 219.17857 184.83856 348.54352 245.30899
vehicle 0.64193785 418.93912 185.92264 451.46515 198.04846
vehicle 0.63016224 555.4596 182.22137 587.08514 204.99757
vehicle 0.58928365 481.6392 185.16225 511.93445 201.69403
vehicle 0.5082734 350.1618 193.11969 386.1232 217.63075
vehicle 0.4904046 348.96957 184.32204 383.68405 198.85765
vehicle 0.45347184 540.1633 192.19498 573.88513 212.29616
