vehicle 0.8672119 281.56638 197.0411 331.70154 224.88055
vehicle 0.6741746 192.58588 202.88716 262.02332 241.91237
vehicle 0.6432583 332.08234 194.0318 370.45023 216.79138
vehicle 0.620817 1165.5372 97.6044 1227.4567 152.17645
vehicle 0.6069945 564.0136 179.7212 587.1621 194.70464
vehicle 0.591166 217.45619 201.4607 272.6057 224.2373
vehicle 0.5356543 476.61487 181.9064 498.81342 192.09337
vehicle 0.5328883 434.12097 184.46123 460.70108 197.74094
vehicle 0.5254968 41.031048 208.78058 136.05026 253.35242
vehicle 0.52470684 377.94525 63.44936 454.29242 98.1558
