vehicle 0.9477587 841.53125 196.93208 1242.0 371.46408
vehicle 0.92966354 8.880987 187.64975 293.45035 302.82837
vehicle 0.876393 744.0819 185.06749 892.807 289.49326
vehicle 0.7671467 536.85565 176.6009 574.32733 194.7092
vehicle 0.71432143 462.87857 177.1021 519.8161 209.77145
vehicle 0.6939889 703.5391 179.27776 778.4083 224.607
vehicle 0.6740176 372.45566 179.85602 479.8107 237.36584
vehicle 0.6706208 451.64215 179.68927 515.60504 222.52522
vehicle 0.59346914 609.9995 176.38002 645.7339 194.52582
vehicle 0.4896362 252.47865 183.77507 441.63812 248.33647
vehicle 0.44077733 681.6765 183.05875 741.48956 224.48889
