vehicle 0.97249526 202.5795 201.99544 467.78348 351.9699
vehicle 0.9413128 10.242093 239.66411 324.66 369.96945
vehicle 0.8998609 893.37 196.9424 1234.4761 372.29706
vehicle 0.7449049 392.66068 185.61865 470.4475 220.94617
vehicle 0.71663105 656.85254 181.98404 739.33276 224.8713
vehicle 0.6559592 546.58887 178.76869 581.2955 202.87662
vehicle 0.64856124 484.39557 179.34656 524.6632 201.01729
vehicle 0.6144636 389.77753 179.00558 463.02835 205.80974
vehicle 0.6059549 527.6268 182.35252 580.6614 218.2397
vehicle 0.59000164 598.20593 178.93694 638.71765 202.94127
vehicle 0.5179367 566.7194 180.31805 631.8288 221.3605
