vehicle 0.9704475 814.5259 186.52289 1242.0 371.71884
vehicle 0.90094256 282.74915 192.73953 479.1403 297.32504
vehicle 0.81038135 14.59905 207.23082 393.8398 373.42184
vehicle 0.7783365 649.8787 182.05267 725.352 223.62024
vehicle 0.67905134 478.4017 178.67888 520.93835 203.39848
vehicle 0.64366233 540.5426 178.80055 576.21735 203.26997
vehicle 0.5864336 593.035 178.83987 633.9343 202.70125
vehicle 0.5441109 397.0486 189.67068 470.92648 223.0587
vehicle 0.5205892 407.0842 181.4027 468.30792 200.56924
person 0.4679575 1102.3911 220.46948 1162.7322 274.8437
vehicle 0.42198035 521.9598 182.92389 574.67084 216.77597
