person 0.737637 563.7099 171.80814 583.86304 199.74365
person 0.6755481 749.0355 180.84264 784.8977 233.0739
person 0.6490315 356.91003 175.58868 391.91965 232.2597
person 0.5880692 513.6005 175.87865 531.4892 197.87325
person 0.5382859 802.40424 184.21402 839.81195 234.06332
vehicle 0.5297427 63.92668 234.04404 130.61836 248.47589
person 0.50673735 428.37308 179.44255 446.7495 197.67943
person 0.4539475 370.84048 177.61615 391.37405 197.90479
person 0.43465823 279.96735 182.56511 311.31735 231.75499
person 0.43260583 296.13785 170.44795 323.39972 217.28607
person 0.4120039 877.6617 182.85606 912.887 240.72906
