vehicle 0.94194794 935.0353 234.56157 1242.0 370.3153
vehicle 0.8857927 273.89624 180.35928 471.1454 249.06264
vehicle 0.8463225 29.478863 186.1671 312.6427 306.01532
vehicle 0.8206016 662.7651 178.29118 708.59125 201.35913
vehicle 0.81131345 476.23315 177.94705 526.9443 207.37387
vehicle 0.76723063 529.5267 176.81337 569.364 195.30241
vehicle 0.7446822 620.5228 176.14516 658.3322 194.75237
vehicle 0.69946194 696.9885 180.93619 853.91125 279.11377
vehicle 0.6366013 5.418023 197.48877 191.95305 340.37634
vehicle 0.608991 389.39737 173.87589 467.73862 205.39389
