vehicle 0.94271415 261.17026 191.73375 426.52374 281.8432
vehicle 0.8816484 8.412027 185.42726 239.04044 291.33246
vehicle 0.76438177 548.19727 191.55373 580.01117 211.2917
vehicle 0.73043513 486.33215 191.58714 517.7461 216.66736
vehicle 0.7136919 561.59216 187.12274 583.5164 201.35448
vehicle 0.6082019 500.18048 184.88507 520.8859 199.1088
vehicle 0.56720555 212.90067 191.0574 409.8352 299.71182
vehicle 0.56594145 410.48096 189.86658 448.16718 220.4819
person 0.49403048 414.45874 184.81308 438.59125 198.50998
vehicle 0.40618512 590.7941 189.71661 615.779 202.44873
person 0.40608045 410.48096 189.86658 448.16718 220.4819
