vehicle 0.9848594 25.33498 207.39078 318.4603 332.8882
vehicle 0.7018372 803.3348 202.84178 931.0831 286.5307
vehicle 0.6773308 608.4936 181.5055 641.8176 201.3698
vehicle 0.6516992 555.28107 179.45424 585.06104 197.86252
vehicle 0.62588674 1120.9943 168.58586 1239.1794 260.23267
vehicle 0.60788167 657.064 193.38394 716.43896 249.0805
vehicle 0.58321553 359.6528 194.80714 502.45135 269.00522
vehicle 0.54299974 713.2279 189.65022 770.9339 233.20178
vehicle 0.5261259 483.6607 177.25652 538.816 209.58047
vehicle 0.50107616 657.31683 188.24574 711.76556 227.11516
vehicle 0.45917735 476.6949 182.49739 529.55255 227.83414
