vehicle 0.9184412 430.16388 169.33572 527.3551 201.39111
vehicle 0.88375735 584.0405 177.35251 628.37775 195.15279
vehicle 0.7675844 938.58264 169.84166 978.6174 180.80849
vehicle 0.6657864 814.7392 169.65312 845.11017 181.90128
vehicle 0.65543383 1132.3372 169.7493 1173.7905 181.18393
vehicle 0.63777035 676.6977 174.3711 712.14734 187.87605
vehicle 0.630002 1083.475 168.34221 1122.5071 180.03438
vehicle 0.6092563 998.5333 171.54976 1038.6241 183.16653
vehicle 0.4784122 684.77277 171.46443 714.6218 182.03351
vehicle 0.46443436 264.5038 174.41089 333.8482 203.24388
vehicle 0.4419821 761.026 172.25038 785.1655 182.66591
vehicle 0.4211245 877.40314 171.53595 904.09143 181.25067
