vehicle 0.8827937 9.220031 205.71765 198.24266 321.6471
vehicle 0.85584694 1108.4703 154.23009 1193.8279 175.95213
vehicle 0.835759 232.25206 161.50522 537.33594 323.4993
vehicle 0.82633275 879.42505 164.05373 908.9697 173.61748
vehicle 0.7821381 680.446 171.95047 729.53015 204.6897
vehicle 0.7771176 810.58636 163.32668 839.68286 173.38327
vehicle 0.7531898 935.74097 164.64229 967.67175 174.6766
vehicle 0.71063054 1048.2156 159.5804 1100.2662 176.55356
vehicle 0.69791436 514.0991 174.32579 556.5137 193.65817
vehicle 0.63361144 1175.9476 152.7089 1236.9658 173.64969
vehicle 0.5828133 688.0467 165.44011 717.9895 178.22873
vehicle 0.5665384 485.4588 177.00287 529.41144 202.94867
vehicle 0.55000985 1030.6564 163.17708 1067.604 174.89194
vehicle 0.5093571 771.06116 166.8375 789.9433 178.06754
vehicle 0.4777637 232.25206 161.50522 537.33594 323.4993
