vehicle 0.9616892 810.7923 204.69086 1086.4211 370.89453
vehicle 0.874676 137.8891 184.22072 350.5261 280.2536
vehicle 0.7550232 545.8579 178.9806 577.3354 193.94827
vehicle 0.6739509 473.89703 179.81645 525.8525 207.507
vehicle 0.670263 1.1968263 192.53195 227.37317 373.80643
vehicle 0.66879356 292.9602 177.41658 448.02914 266.06757
vehicle 0.6682714 714.64606 181.21768 970.391 240.7207
vehicle 0.632815 442.62503 184.5941 513.523 213.97551
vehicle 0.49331394 387.5519 185.80492 469.66772 218.08409
vehicle 0.4403642 607.0209 180.7919 635.7869 196.57637
