vehicle 0.8156448 375.89075 181.02057 473.07538 228.44725
vehicle 0.8015534 618.1702 179.72424 649.46466 199.58221
vehicle 0.7570203 934.42035 238.87143 1235.2941 373.59067
vehicle 0.73430824 486.47653 178.614 528.3909 203.5586
vehicle 0.7267607 794.94415 220.60814 966.50287 321.35986
vehicle 0.68638426 546.9361 178.68846 579.51495 197.53262
vehicle 0.58399826 392.7777 177.10332 483.81107 206.9364
vehicle 0.433807 221.29913 188.60023 379.47516 278.88626
vehicle 0.40540126 304.46838 186.00845 424.21158 236.70657
vehicle 0.40160823 163.13928 195.98396 300.93652 303.86758
