vehicle 0.9450363 799.51324 186.77475 1070.8047 348.8746
vehicle 0.84337175 70.50125 188.83064 346.52145 280.75992
vehicle 0.7958387 442.74323 178.51883 522.8488 223.55562
vehicle 0.69653386 541.988 177.31583 577.1616 195.33943
vehicle 0.6326122 612.9692 177.14087 648.7419 193.28914
vehicle 0.5323896 464.87323 176.99315 525.49866 211.42622
vehicle 0.52891344 389.3667 182.6767 474.75977 233.88556
vehicle 0.49490827 701.8571 176.66803 778.3389 238.06317
vehicle 0.45962688 302.75424 182.54825 451.65366 242.85489
vehicle 0.41383037 704.2923 176.29495 774.211 210.82153
