vehicle 0.8177772 111.90719 187.31671 209.96048 215.02394
vehicle 0.7930778 297.9951 184.55832 437.5437 279.0306
vehicle 0.7460714 508.36874 184.60747 530.10455 195.16057
vehicle 0.7422887 551.27203 183.70267 573.17706 198.79881
vehicle 0.6578322 528.7753 185.27068 569.9739 215.47414
vehicle 0.6332839 191.55354 187.3069 248.614 212.58391
vehicle 0.58554953 500.7973 189.62453 546.7007 213.55914
vehicle 0.55217195 604.5097 182.48271 625.90204 200.27142
vehicle 0.48240906 586.05865 186.64572 626.7478 215.98805
vehicle 0.44324395 449.22787 180.59851 472.59735 191.10904
