vehicle 0.97327846 11.715649 182.14537 302.1588 316.65417
vehicle 0.8484995 546.44556 177.71799 582.36096 199.70035
vehicle 0.73807675 477.93924 178.42975 531.5449 203.57077
vehicle 0.7316113 250.55667 173.76405 426.33423 263.1119
vehicle 0.64556694 681.6907 182.93367 714.2141 201.00456
vehicle 0.5350954 720.6423 189.5318 788.741 223.29996
vehicle 0.50953394 377.94656 177.447 470.75143 233.53209
vehicle 0.46392894 630.95245 180.33995 657.08527 195.45926
vehicle 0.4624287 680.02246 192.80597 712.83624 219.51608
vehicle 0.43947256 704.63525 195.87924 809.3245 260.49557
vehicle 0.40642568 428.87903 177.28542 521.04193 224.38884
