vehicle 0.8925348 595.28827 178.86545 635.2401 197.87427
vehicle 0.8827676 204.61638 188.87256 345.34714 234.22638
vehicle 0.87735844 540.4885 178.13135 588.42865 202.88501
vehicle 0.79946005 436.39255 184.66856 516.29956 217.847
vehicle 0.6006394 695.574 178.21008 716.54877 190.67084
vehicle 0.60002303 878.72327 167.2725 926.4829 179.90096
person 0.5994693 750.9378 174.6671 775.89264 194.5117
vehicle 0.59002537 1137.9824 166.37236 1178.3083 179.983
vehicle 0.5777087 1072.125 168.39326 1106.1942 180.62907
vehicle 0.5733979 1005.1997 169.93509 1040.4591 182.19742
vehicle 0.54489547 750.9378 174.6671 775.89264 194.5117
vehicle 0.5175574 376.89172 182.4969 490.62378 222.22787
vehicle 0.47919196 1186.9174 164.00113 1226.9058 183.00343
vehicle 0.4762826 486.49765 179.68584 530.375 203.91779
vehicle 0.417127 383.67703 177.83005 479.28375 212.44913
