vehicle 0.8133591 90.31311 173.29674 253.63838 249.20348
vehicle 0.73163235 1040.7186 160.55017 1240.1055 370.02707
vehicle 0.704422 431.10733 176.28584 465.711 198.41493
vehicle 0.6125556 486.10385 176.6657 508.4247 193.24086
vehicle 0.5735729 207.7415 158.01207 394.4185 248.62025
vehicle 0.5109798 712.7518 172.68515 756.5019 197.84235
person 0.48400214 624.00024 175.03175 649.2977 197.48955
vehicle 0.46438757 680.9589 172.42908 706.6535 195.9579
person 0.45001248 680.9589 172.42908 706.6535 195.9579
vehicle 0.43664542 229.97046 120.74496 418.04514 244.62396
