vehicle 0.8591502 67.14464 192.79005 306.1013 316.17868
vehicle 0.6999871 298.44775 179.16447 415.5042 237.25906
vehicle 0.6392545 541.936 175.12874 584.15857 201.7717
vehicle 0.58196896 438.0331 194.77815 541.1917 255.2782
vehicle 0.5791116 594.67163 180.52705 652.6034 219.06116
vehicle 0.5402535 461.6919 186.03842 534.30133 234.18527
vehicle 0.4985903 907.31213 86.6727 1151.3646 368.94135
vehicle 0.45842725 599.0282 177.28424 644.1585 210.68529
person 0.44977018 852.7887 183.98776 934.1239 307.44492
vehicle 0.40879065 278.08246 178.82333 425.81393 259.06027
vehicle 0.40417334 728.07153 185.93683 779.96924 244.7085
vehicle 0.4027013 928.915 44.650276 1242.0 372.43625
