vehicle 0.9123129 9.271443 154.94234 434.19376 367.6548
vehicle 0.88102436 927.44714 237.9294 1080.6833 350.44946
vehicle 0.87170446 879.816 237.88167 1025.9374 337.86
vehicle 0.8691953 1041.2273 256.3588 1237.944 372.01465
vehicle 0.813094 820.7544 228.49014 963.4559 340.5405
vehicle 0.7774292 463.50528 186.12807 527.8061 228.42334
vehicle 0.749054 535.97705 179.09602 573.50146 202.5062
vehicle 0.72707117 612.4528 180.79398 650.1668 199.44652
vehicle 0.58905834 995.97687 239.87456 1164.2941 356.7905
vehicle 0.5394885 800.76306 196.41861 962.1135 286.47696
vehicle 0.50485325 802.1522 205.99168 960.2097 314.39642
