vehicle 0.9346653 757.473 191.1255 1061.9355 344.6722
vehicle 0.9048533 204.80923 180.89963 389.70447 263.0783
vehicle 0.8359646 25.593609 181.57056 303.708 290.90436
vehicle 0.81965977 134.20378 179.25977 368.57965 282.97324
vehicle 0.75849843 616.81036 177.21834 656.72034 199.46558
vehicle 0.74028635 464.8832 177.50821 534.37555 206.9312
vehicle 0.7026148 711.83057 176.52248 783.3285 208.61784
vehicle 0.61484826 0.0 196.3909 221.41484 354.947
vehicle 0.57535297 554.1217 177.15195 585.47766 193.8972
vehicle 0.45658436 715.6012 180.5215 784.35114 223.74176
vehicle 0.45135996 362.82736 174.87476 481.80304 227.40407
