vehicle 0.92774826 847.4179 165.5597 1096.7816 328.01202
vehicle 0.8172751 675.8144 179.0385 708.2448 200.45215
vehicle 0.78752065 751.1516 173.56621 871.2061 261.11575
vehicle 0.7767824 612.6312 181.08615 644.4788 198.39261
vehicle 0.7493567 476.2701 180.35046 504.36966 195.33386
vehicle 0.60050297 450.20996 189.14404 503.30603 210.6752
vehicle 0.52407026 723.4694 177.28946 775.50214 206.2384
vehicle 0.52344066 566.516 177.79893 587.2605 190.11218
vehicle 0.46093252 563.10876 174.38712 583.4027 183.08653
vehicle 0.401976 660.40466 207.53333 736.85406 239.92001
