vehicle 0.88058597 137.5625 178.84409 306.94998 264.0481
vehicle 0.82997656 13.2295 192.24197 151.95984 283.82312
vehicle 0.7168691 476.5706 188.9666 517.7237 215.7742
vehicle 0.7063018 482.61597 182.99031 517.7924 203.08783
vehicle 0.6907571 352.16458 178.1917 477.09058 266.09546
vehicle 0.6705117 580.33673 182.08658 618.53357 204.44693
vehicle 0.60697365 29.492058 188.96266 160.32268 231.56053
vehicle 0.5875696 548.62445 180.05994 581.0565 204.03743
vehicle 0.5506444 534.59784 191.61148 573.8136 215.13048
vehicle 0.5346664 320.98407 190.29315 380.4859 230.93689
vehicle 0.5339667 372.34988 187.489 460.30115 234.76048
