vehicle 0.9487796 148.50967 224.0316 446.67422 368.0189
vehicle 0.8903335 6.0431604 195.31853 201.59395 331.83502
vehicle 0.87191427 913.46875 237.58304 1237.53 375.0
vehicle 0.8193197 588.00616 183.62633 641.3583 221.79463
vehicle 0.7810681 784.58374 230.83412 1085.997 373.01038
vehicle 0.68626285 548.5527 178.73448 582.6404 200.82759
vehicle 0.5904131 534.12024 182.61972 589.5319 221.82208
vehicle 0.5769622 357.8646 192.49762 502.08197 269.4467
vehicle 0.54649097 490.46442 180.50357 523.36273 198.05399
vehicle 0.5111556 204.15907 187.6937 281.9278 222.8694
vehicle 0.508686 699.88043 181.44931 820.2889 280.72302
vehicle 0.48085997 748.7782 206.63841 1071.7721 338.08966
vehicle 0.44958824 478.57205 189.2962 518.57446 225.01912
vehicle 0.4474171 609.07 181.01424 649.6296 203.58937
