vehicle 0.94010943 816.10266 185.60902 1197.358 371.18936
vehicle 0.81688464 621.0684 182.62236 645.0551 196.54723
vehicle 0.7474199 671.59656 183.05466 700.2686 200.97276
vehicle 0.6108922 561.1587 181.75697 583.2715 193.7742
vehicle 0.5426739 661.4119 191.48143 699.27637 215.85672
vehicle 0.51696485 495.16916 178.26233 519.8309 197.35614
vehicle 0.48508713 7.726084 204.08441 89.41334 250.76317
vehicle 0.4570768 38.476887 209.93893 116.450584 249.86438
vehicle 0.43498224 167.78767 201.02542 274.71603 246.11635
vehicle 0.43412033 681.84784 179.53947 820.9662 253.1476
