vehicle 0.9505688 778.7767 176.5548 952.39343 266.85153
vehicle 0.89569086 0.0 161.45235 279.4851 323.61447
vehicle 0.827449 558.01306 177.26318 587.5755 191.05675
vehicle 0.82245296 958.9904 191.46802 1233.3904 351.79782
vehicle 0.7059095 606.7201 178.57489 644.6973 199.2614
vehicle 0.6926307 489.5831 179.70238 520.57465 201.34575
vehicle 0.6297488 863.4279 200.4535 1053.7449 304.19653
vehicle 0.55861443 277.68506 182.98897 475.6025 260.63074
vehicle 0.54485154 146.25279 166.31834 308.48413 281.0685
vehicle 0.5023354 351.53085 179.66582 470.8101 204.7046
