vehicle 0.9287377 269.38232 182.74776 460.77875 259.38168
vehicle 0.8998431 569.43176 181.76753 637.9128 224.12042
vehicle 0.8053336 48.146935 189.33112 252.22398 270.80157
vehicle 0.5839128 459.09125 180.4017 532.04614 226.49126
vehicle 0.5676189 394.49646 186.47649 475.96362 232.09042
vehicle 0.54703367 503.14026 179.59222 574.43384 224.93819
vehicle 0.5129471 473.8543 176.48717 526.9303 202.75185
vehicle 0.43670195 536.7264 177.86638 577.95074 204.19592
vehicle 0.40686822 667.0085 177.65384 702.77216 199.59981
vehicle 0.40381193 662.6249 182.689 706.1773 230.57329
