vehicle 0.9094959 905.61487 179.08954 1234.4393 370.11066
vehicle 0.74263763 479.77072 177.48636 512.8806 200.63011
vehicle 0.71277493 532.05206 178.75839 575.1781 198.05116
vehicle 0.70022947 68.857315 203.55246 277.51102 311.652
vehicle 0.6076642 655.8437 179.66753 858.5351 306.9833
vehicle 0.5120097 422.07965 177.53886 450.2989 197.32542
vehicle 0.4903456 321.66553 185.14407 371.04886 227.59361
vehicle 0.45118004 271.562 183.71568 338.8275 228.95541
vehicle 0.43517557 587.8984 174.78767 660.58997 204.04118
vehicle 0.40710536 339.19147 180.63214 385.834 200.84767
