vehicle 0.88231283 4.4377737 198.67668 342.87854 372.2234
vehicle 0.8211809 304.29718 188.92126 382.26865 232.4713
vehicle 0.79189324 266.52374 190.37816 332.81174 223.32722
vehicle 0.7407634 546.3027 183.22894 582.6831 205.68242
vehicle 0.7257484 480.0487 184.87395 510.9242 198.20517
vehicle 0.7250556 439.44217 199.61809 526.6055 247.05672
vehicle 0.7175009 413.82697 183.13223 447.50137 198.4723
vehicle 0.715811 391.5093 189.46907 435.529 221.37381
vehicle 0.47345823 541.78174 190.96385 580.5739 210.5763
vehicle 0.4333388 579.9362 185.17291 620.01025 203.9191
