vehicle 0.93249816 154.63612 186.93167 416.424 340.27158
vehicle 0.9025956 14.730254 187.46854 168.33844 261.7151
vehicle 0.82014775 485.70718 185.70746 518.8698 198.361
vehicle 0.73341835 421.77722 183.28827 454.59158 197.45541
vehicle 0.730812 471.95895 194.98947 525.0648 225.64206
vehicle 0.680269 415.48212 192.12196 457.66507 218.06131
vehicle 0.67682135 555.4644 183.35591 586.1237 203.09184
vehicle 0.5931112 586.2938 184.20145 624.93585 204.0846
vehicle 0.57498884 356.33698 181.90428 401.97244 194.38307
vehicle 0.42151448 336.32687 185.89325 414.10632 226.38107
vehicle 0.40602192 0.0 208.119 86.984055 313.886
