vehicle 0.81093174 467.22583 176.68198 503.27438 193.57968
vehicle 0.62204343 553.3276 172.09784 578.9129 182.41002
vehicle 0.57926464 543.68475 174.86711 575.46204 190.71313
vehicle 0.56479186 328.43817 179.53368 390.81195 200.87222
vehicle 0.54075104 560.4866 185.23051 644.8819 221.37994
vehicle 0.507177 437.67776 180.28981 472.41357 200.05043
vehicle 0.46950898 329.71964 184.63902 396.34695 218.00302
vehicle 0.4458985 606.6055 175.26094 638.9969 190.99666
vehicle 0.4051175 626.4094 171.12971 649.01776 180.73549
vehicle 0.4042032 485.812 167.16867 518.0761 181.6731
