vehicle 0.9188861 284.611 196.65446 467.0408 307.75153
vehicle 0.9168991 94.200935 206.12503 308.82547 328.44907
vehicle 0.87292874 861.34174 238.63095 1033.4662 343.7513
vehicle 0.8286105 986.9518 242.39635 1171.0358 370.73523
person 0.70794684 1013.1048 197.3438 1130.983 356.91388
vehicle 0.70475763 1.6107686 221.3709 143.88103 358.821
vehicle 0.6775322 918.18146 248.12306 1093.5837 361.51926
vehicle 0.6387354 551.7171 181.69342 581.51605 200.11676
vehicle 0.6248033 610.8912 181.8903 642.0864 199.25246
vehicle 0.6226555 454.3278 176.74371 533.62146 234.29507
vehicle 0.61447185 772.9375 199.33199 846.0146 257.43484
vehicle 0.5492781 653.0765 186.09126 711.94354 222.00394
vehicle 0.51409924 718.50183 198.30646 791.2335 252.5157
vehicle 0.43429914 711.96027 189.2305 776.60223 234.89447
vehicle 0.4064987 461.40024 197.77844 535.6027 248.71364
vehicle 0.40071383 669.4907 195.35318 729.75653 253.64883
