vehicle 0.8989779 233.78798 177.47696 438.2585 259.16754
vehicle 0.8369355 444.9236 172.32103 527.3562 205.50366
vehicle 0.835577 670.55023 179.15096 737.769 226.21286
vehicle 0.7305911 625.647 174.3798 657.61017 188.20795
vehicle 0.72480154 680.78314 178.2672 718.29596 200.4112
vehicle 0.7014768 620.5512 169.89383 641.22516 180.0932
vehicle 0.69726014 12.415861 182.5933 286.3302 283.9183
vehicle 0.6921083 4.9653172 199.40302 177.29494 341.46274
vehicle 0.6456139 564.5332 167.50385 587.5364 178.77695
vehicle 0.5960433 740.19324 177.26178 782.7948 207.19685
vehicle 0.5259731 741.2713 180.78882 785.9127 235.68497
vehicle 0.4892896 778.0173 7.568389 1226.9193 368.29358
vehicle 0.46624452 364.04578 176.79323 498.03265 228.18109
vehicle 0.45717525 687.94257 171.70981 710.8274 180.07713
vehicle 0.41713732 552.6272 172.17093 584.7322 189.4804
