vehicle 0.7621899 1061.3795 172.96593 1097.2269 190.46692
vehicle 0.6535106 1011.59735 173.56752 1042.3514 190.92303
person 0.54751784 822.53375 171.30345 851.28894 207.67784
vehicle 0.5474018 1147.3762 173.6774 1179.6577 187.4181
person 0.5431033 886.0058 174.1747 915.7915 205.03981
vehicle 0.48774448 955.3999 175.26991 979.8887 190.88812
vehicle 0.46244562 1198.3313 166.14369 1232.1445 180.32205
vehicle 0.45858625 1015.3248 167.79567 1046.1177 179.714
person 0.440014 695.08746 178.6992 708.99066 191.52716
vehicle 0.42251262 1190.4283 174.06406 1227.9269 190.22556
