vehicle 0.91274285 359.45544 168.67781 503.4902 203.1408
vehicle 0.8685306 592.02325 176.82068 637.1457 193.6013
vehicle 0.78067225 211.86191 179.91658 342.33057 218.63551
vehicle 0.73519444 454.6998 175.47739 525.6419 203.54274
vehicle 0.73109084 1137.0934 173.17578 1179.1777 182.5244
vehicle 0.6634072 665.08514 173.66403 705.59796 187.49185
vehicle 0.65897375 815.6796 169.70161 840.8493 183.24959
vehicle 0.65086025 547.59393 177.34657 595.5635 198.757
vehicle 0.60994947 939.7881 169.9064 969.41754 181.28516
vehicle 0.58138436 1068.8492 171.06378 1104.3611 181.95341
vehicle 0.5369089 1018.7649 171.39578 1042.9308 182.1741
vehicle 0.53589493 672.42816 170.373 704.6195 181.9678
vehicle 0.47829306 897.42224 170.21834 921.6312 181.50523
vehicle 0.47770473 766.8635 169.62982 788.03314 181.89409
vehicle 0.4327768 1195.0511 179.9806 1237.4648 193.4311
