vehicle 0.9378235 0.8978418 175.1477 252.90108 317.22693
vehicle 0.83285195 759.64557 2.0985045 1238.0597 368.03574
vehicle 0.7704967 137.46004 180.17914 336.2053 261.08713
vehicle 0.76105124 445.26688 173.43214 529.0365 208.07536
vehicle 0.6318013 151.43019 177.32333 422.67468 250.14236
vehicle 0.6071673 659.8713 184.70232 729.5657 222.90971
vehicle 0.57080036 561.0467 169.78992 584.47736 179.69014
vehicle 0.548669 355.72562 179.5205 474.74786 229.6217
vehicle 0.52799666 631.95593 175.46626 656.6006 189.46556
vehicle 0.5000785 675.3779 178.68224 710.31885 199.3229
vehicle 0.4927362 38.09976 176.03183 284.59464 285.58752
vehicle 0.47831967 287.35184 179.11678 451.59845 248.84532
vehicle 0.45746943 1023.4155 89.07301 1059.6177 127.062614
vehicle 0.43739253 623.3203 171.14182 641.6361 181.13239
person 0.42826346 675.3779 178.68224 710.31885 199.3229
