vehicle 0.88704765 769.7644 170.70517 860.57056 213.53325
vehicle 0.8393288 827.987 169.69266 951.22656 217.18988
vehicle 0.7654808 731.94196 170.98482 781.4202 199.86548
vehicle 0.75907105 136.58801 199.77522 179.52527 215.0103
vehicle 0.7545134 664.27637 175.78015 736.074 206.04521
vehicle 0.66127783 92.6658 202.72246 129.6252 216.21078
vehicle 0.6054004 507.15277 172.31564 559.0886 202.844
vehicle 0.6033872 185.48918 192.19675 465.6311 323.89487
vehicle 0.55123574 1045.7052 145.48012 1233.0555 241.14587
vehicle 0.517367 879.16345 168.76048 971.66 219.4632
vehicle 0.5052267 975.11743 160.45659 1075.1686 220.3382
vehicle 0.50402117 651.4442 175.90367 741.2493 232.4682
