vehicle 0.9502982 168.03203 198.9761 369.1872 293.60382
vehicle 0.8875889 549.1029 177.579 585.3382 197.14247
vehicle 0.84866244 7.6612673 216.23935 182.86684 353.66434
vehicle 0.8443014 366.82513 181.32622 464.75967 234.39342
vehicle 0.7611066 676.8961 173.55142 714.7507 196.51703
vehicle 0.7285482 725.5746 176.57968 929.329 290.70438
vehicle 0.58323264 631.75525 176.9839 655.1276 191.39786
vehicle 0.5250354 718.6197 172.69463 764.53546 195.11244
vehicle 0.42257255 684.24115 167.84666 719.6963 180.09804
vehicle 0.40564454 884.24713 164.00146 989.15155 182.99496
