vehicle 0.91877645 490.94946 179.82446 523.2365 192.87376
vehicle 0.9058725 539.9401 178.69972 567.7523 191.93112
vehicle 0.9035602 4.2154408 194.35745 163.80353 279.36014
vehicle 0.79040563 608.7835 179.2275 642.1272 197.261
vehicle 0.7793257 660.6063 175.76059 716.68976 211.30554
vehicle 0.73120326 725.7088 170.30795 889.58954 250.73856
vehicle 0.52104765 434.332 176.87146 458.91495 191.84163
vehicle 0.5175395 585.0136 186.80061 645.0533 213.47438
vehicle 0.46560636 720.9353 176.63553 779.0944 207.75085
vehicle 0.40196043 181.0414 177.7126 265.62057 201.091
