vehicle 0.97903985 15.588622 170.01996 307.88077 331.91205
vehicle 0.94971347 788.3452 206.79633 1090.3927 372.80075
vehicle 0.8878668 660.4063 187.23451 722.8521 220.36752
vehicle 0.8483113 542.5323 178.38554 577.0306 197.2847
vehicle 0.79206955 391.0666 181.19287 477.8022 225.18521
vehicle 0.74966645 616.10046 180.61922 643.8018 197.4204
vehicle 0.71732986 474.63858 178.05058 526.873 204.91934
vehicle 0.66630864 287.4632 175.2714 420.25073 268.50916
vehicle 0.64036816 850.12885 213.59778 1196.7836 371.1504
vehicle 0.63299876 663.49 182.18788 707.3437 199.27946
vehicle 0.5798302 113.94768 169.07884 327.2412 280.38333
vehicle 0.55495477 717.4095 191.52957 864.5971 280.57373
vehicle 0.51680034 958.1274 220.34637 1242.0 373.44388
