person 0.6993411 543.31366 150.65599 577.0969 223.25853
person 0.635767 611.68054 153.29642 644.9332 232.47893
vehicle 0.6199168 2.5133646 98.063965 242.19304 283.80362
person 0.6103652 488.2721 146.605 511.64883 194.1932
person 0.55050373 999.61993 137.80353 1130.194 366.57913
person 0.54934365 548.6861 148.55128 572.0868 195.23454
person 0.5403984 430.5583 150.26927 451.6617 178.48273
person 0.5192132 365.09637 154.45044 384.7786 176.15778
person 0.46006924 1052.5059 132.33243 1183.29 357.90018
person 0.44231862 604.4113 150.38138 661.26556 249.57146
person 0.4184386 482.63763 155.2077 512.09686 214.1853
