vehicle 0.9612615 9.894129 214.59546 291.08163 341.6618
vehicle 0.8037174 812.1279 202.41031 941.0415 291.6853
vehicle 0.6816337 350.03653 198.90385 503.49564 276.7704
vehicle 0.64100766 717.1338 196.2229 781.87286 248.15659
vehicle 0.63379407 722.3445 191.8001 778.9753 233.67863
vehicle 0.6303666 597.7485 181.16342 634.36304 201.96191
vehicle 0.6300662 549.8064 180.6299 583.0418 198.26328
vehicle 0.6135367 657.96906 193.38284 720.9664 251.41829
vehicle 0.610638 465.6488 182.60284 535.47614 224.978
vehicle 0.52195674 658.55115 190.66472 715.00916 226.53363
vehicle 0.4340843 241.962 203.00197 380.38098 288.75995
