vehicle 0.90550417 968.9747 172.95471 1239.8463 371.95477
vehicle 0.82009584 0.0 187.61188 206.42415 365.70264
vehicle 0.7915186 572.72955 185.71443 636.7125 222.98341
vehicle 0.7588717 364.07864 179.91664 485.2394 231.22948
vehicle 0.73322064 87.83796 178.40756 393.3623 310.9766
vehicle 0.7093799 529.6948 178.61598 577.3394 207.78215
vehicle 0.6127535 618.3957 181.53288 653.13513 198.39684
vehicle 0.5735572 523.9855 184.18282 575.3706 216.79034
vehicle 0.5703543 460.71887 183.11139 518.1156 225.34393
vehicle 0.49130964 661.55194 183.17407 691.4006 197.3786
vehicle 0.48908165 921.0409 181.40111 1071.6555 273.89508
person 0.4680324 734.8522 180.86392 778.3232 239.2482
