vehicle 0.9551207 0.0 208.49672 273.78992 361.43964
vehicle 0.86664444 249.93651 201.68527 452.85074 336.7876
vehicle 0.83949834 1017.29175 274.73886 1216.8533 373.55612
vehicle 0.79398626 976.9113 250.50395 1185.903 371.95074
vehicle 0.79225624 659.1868 190.7511 717.2082 220.32527
vehicle 0.76048183 548.92737 183.30115 582.06696 197.9072
vehicle 0.75604415 753.661 199.38795 893.68475 285.03058
vehicle 0.64732337 541.4553 191.56145 573.9711 217.38683
vehicle 0.6343747 966.15814 246.40169 1091.8235 369.67548
vehicle 0.61187774 728.5502 201.58951 786.5486 256.84128
vehicle 0.5408191 615.99146 184.85 648.4023 199.39844
vehicle 0.42478016 786.592 206.14238 859.7594 259.94562
vehicle 0.41438863 626.2531 192.34117 659.99805 216.23785
person 0.40948403 1137.4614 203.39325 1238.1816 359.445
