vehicle 0.98059607 731.24225 160.09555 1014.7766 313.31424
vehicle 0.9412129 960.756 210.63226 1242.0 374.26712
vehicle 0.9393068 0.0 197.88637 265.0235 371.53857
vehicle 0.87812954 213.79718 189.88345 416.1458 355.26242
vehicle 0.8477225 473.47714 190.20787 528.96857 218.35255
vehicle 0.77165675 494.1322 183.46477 526.48346 197.58772
vehicle 0.73714757 555.6335 183.9091 578.28906 194.65533
vehicle 0.6736075 609.78235 193.44505 657.7728 210.49513
vehicle 0.65501887 612.5612 188.14185 643.89886 199.90356
vehicle 0.42327508 648.04083 199.57188 706.9805 223.05159
