vehicle 0.90240586 550.78143 183.08264 577.00085 198.63622
vehicle 0.6690457 514.8023 185.02588 536.32513 199.03165
vehicle 0.6211747 404.52957 182.87799 482.89847 239.07108
vehicle 0.61363935 600.7712 181.5221 625.0182 198.92891
vehicle 0.61018586 212.23703 183.50487 271.6749 207.02803
vehicle 0.4996642 538.5898 187.42316 575.8847 215.64809
vehicle 0.49564773 136.27472 186.07727 208.59601 213.6522
vehicle 0.4391774 52.06304 183.06471 160.41185 218.73813
vehicle 0.42769295 73.85114 87.83303 124.67514 133.17378
vehicle 0.4214807 571.90533 172.15486 587.8154 179.02599
