vehicle 0.7774222 547.0639 202.34982 596.6384 255.63142
person 0.6985818 730.2288 182.89752 794.563 314.8434
person 0.5960771 555.75964 166.83153 587.01086 226.51453
person 0.55026627 691.1907 174.48712 712.1265 207.89917
person 0.5451715 788.1265 181.27028 852.5773 313.8709
person 0.5022817 868.2467 168.87796 933.376 305.901
vehicle 0.4319724 552.02203 213.55324 603.5064 264.95996
person 0.42260352 804.6823 180.96458 844.321 243.63657
person 0.4154508 688.1541 181.07455 712.1476 223.69347
vehicle 0.40866318 571.4124 201.05954 621.49603 254.982
