vehicle 0.95468247 38.693077 203.10188 380.6503 366.42798
vehicle 0.70887494 610.55914 188.0676 633.9233 201.31302
vehicle 0.6503043 563.71985 187.1087 582.09784 199.27628
vehicle 0.60901564 490.7226 190.43407 523.6743 225.81535
person 0.5526133 512.7774 185.35974 526.84406 195.97806
vehicle 0.5358973 346.13342 191.32812 407.32297 220.73868
person 0.4749962 490.7226 190.43407 523.6743 225.81535
vehicle 0.43519017 402.93854 189.73767 475.3277 232.66745
vehicle 0.4222518 512.7774 185.35974 526.84406 195.97806
vehicle 0.41314396 605.9815 191.65074 641.17645 211.96614
