vehicle 0.9345018 702.2768 55.271732 1120.8021 336.13058
vehicle 0.9334309 5.534091 175.86295 322.39786 309.17847
vehicle 0.8071448 120.651985 183.6755 348.73373 290.71866
vehicle 0.73666996 626.5345 176.61398 653.4695 190.57143
vehicle 0.70113605 658.1244 183.70634 714.71454 222.22128
vehicle 0.6807155 191.99107 180.44724 376.90607 260.14557
vehicle 0.6471828 550.9747 173.92036 583.1998 190.88275
vehicle 0.62364715 365.94144 182.86574 480.1232 228.12354
vehicle 0.5653732 444.57416 175.02783 529.5906 207.83083
vehicle 0.558514 672.4791 179.339 707.2417 201.0589
vehicle 0.54058343 6.2942944 174.41724 166.83485 340.8905
vehicle 0.4826608 423.7625 183.20078 524.22656 218.0838
vehicle 0.4129287 243.81915 181.4344 462.53802 241.97348
