vehicle 0.9451288 873.4681 217.99066 1234.0355 372.60486
vehicle 0.9247805 151.07944 178.8189 389.2906 273.78806
vehicle 0.7335849 658.32434 174.70047 715.60724 207.07214
vehicle 0.7154191 609.7496 174.89503 643.2028 190.59138
vehicle 0.691818 451.75778 172.20361 529.6061 202.93684
vehicle 0.58413136 40.74309 191.16743 291.13727 344.82626
vehicle 0.5293216 532.6351 174.58708 575.2356 193.42404
vehicle 0.4973308 690.236 167.49574 820.7444 262.3216
vehicle 0.48174077 364.73303 176.0779 507.35117 226.49065
vehicle 0.42981508 35.711555 178.66405 371.6368 298.1309
