vehicle 0.86873484 458.8094 184.75569 541.818 231.4871
vehicle 0.8378117 779.08606 166.1135 1086.0376 264.94757
vehicle 0.80196434 1071.8059 149.01808 1214.9567 184.09352
vehicle 0.70496327 552.17255 180.55035 581.07294 196.64821
vehicle 0.70331204 647.70764 174.97246 689.0179 201.34677
vehicle 0.69749415 1159.5209 146.63809 1242.0 184.0145
vehicle 0.68273324 616.62897 178.72377 649.54016 203.37778
vehicle 0.617177 1044.0801 149.63531 1141.8633 184.28587
vehicle 0.6119367 769.0305 156.20155 880.5364 193.4758
vehicle 0.51966035 393.88013 187.2489 477.1269 240.12373
