vehicle 0.9197646 158.78877 185.91658 313.22607 272.37115
vehicle 0.8553109 5.4463367 202.55746 181.28069 349.93466
vehicle 0.82372147 326.53577 186.35646 379.89734 226.33925
vehicle 0.77800965 461.96716 183.68283 522.79407 222.51561
vehicle 0.7230166 477.5247 182.95833 511.88007 198.75975
vehicle 0.68512434 401.73874 181.24675 440.9156 204.20403
vehicle 0.6539542 562.09436 181.53717 645.8128 237.97527
vehicle 0.43906498 358.02856 182.92728 393.7112 200.63837
vehicle 0.43141955 500.92804 184.6844 579.913 233.0981
vehicle 0.4148524 271.4344 176.99477 326.4609 202.55841
