vehicle 0.9612992 817.4937 174.74228 1232.0779 370.81528
vehicle 0.9069856 529.26624 176.3352 570.9661 198.2953
vehicle 0.7150545 604.9396 176.4731 646.1573 192.70393
vehicle 0.70889795 246.91667 181.05988 425.3903 264.62085
vehicle 0.64434505 404.17426 185.73663 463.88483 232.24213
vehicle 0.5925738 690.4386 162.26932 790.06866 184.72516
vehicle 0.58483154 3.647426 220.895 195.0443 353.6592
vehicle 0.5672559 659.5561 166.855 723.5853 199.5272
vehicle 0.5474043 473.98837 181.66008 513.4666 204.04825
vehicle 0.45292222 689.7591 164.25714 789.64044 200.20502
vehicle 0.4325723 453.87167 187.9709 500.1945 214.80171
