vehicle 0.98200756 765.454 181.13606 1091.5059 360.02808
vehicle 0.9219069 6.9579735 209.4664 293.06863 347.46042
vehicle 0.90286535 534.2882 177.43417 572.9784 196.5818
vehicle 0.8009173 615.77313 179.78386 648.9491 193.93471
vehicle 0.6458773 461.3512 189.00684 501.5673 216.62944
vehicle 0.6266166 411.67297 185.94948 463.7623 229.47194
vehicle 0.6125445 296.06192 175.64862 439.543 254.00801
vehicle 0.59696794 701.2183 167.26973 774.0248 197.08452
vehicle 0.59297067 490.59778 184.39452 522.0514 201.21523
vehicle 0.58303857 672.7039 170.6004 713.80774 196.8534
