vehicle 0.90754205 303.11514 187.51309 554.3999 299.30197
vehicle 0.85792845 1113.5352 155.16011 1188.6753 175.71379
vehicle 0.753023 6.767747 158.14839 189.43802 259.65604
vehicle 0.7276005 879.79987 165.11064 909.394 174.03976
vehicle 0.70046365 636.757 177.9293 669.07434 196.39885
vehicle 0.6977517 1181.5299 154.65652 1236.9008 173.38132
vehicle 0.6804018 1052.3246 159.89093 1099.9626 176.36676
vehicle 0.66730624 943.99335 165.91689 973.8365 175.37808
vehicle 0.5803797 817.3493 164.83694 846.4266 174.0281
vehicle 0.48665097 1032.5884 163.88905 1066.344 174.86244
person 0.4705402 685.36206 174.9928 702.9361 189.41391
vehicle 0.40939677 685.36206 174.9928 702.9361 189.41391
vehicle 0.40485066 283.53647 186.22726 331.8444 215.27617
vehicle 0.40481508 6.5666285 157.31096 185.54095 261.26285
