vehicle 0.9197356 684.0074 138.84467 1209.2524 372.5327
vehicle 0.9089357 537.5829 184.62544 702.7614 266.68707
vehicle 0.8933414 420.09222 183.49562 450.72565 195.45496
vehicle 0.8295392 11.555163 209.41512 172.17387 300.65512
vehicle 0.82462656 431.05408 189.37982 500.2982 219.09128
vehicle 0.81928384 362.05615 181.54947 385.16162 191.6178
vehicle 0.729847 295.34702 185.00623 325.82785 200.59647
vehicle 0.6227844 0.6067877 214.2019 152.9488 344.6957
vehicle 0.555761 262.72385 188.3308 305.93085 210.7626
vehicle 0.486658 630.5951 168.68008 720.4192 201.53671
vehicle 0.4546676 693.166 138.5544 1202.9801 373.9747
