vehicle 0.94444895 5.940038 218.6559 280.1138 353.7653
vehicle 0.84600747 237.94191 207.36694 377.31387 296.59882
vehicle 0.8440038 809.8342 214.56688 961.2563 305.96942
vehicle 0.84356767 718.87463 206.76907 786.1321 246.30707
vehicle 0.7522705 657.16315 200.48064 717.46906 244.76797
vehicle 0.7288757 463.74973 184.26042 540.9054 231.5607
vehicle 0.67283326 357.4395 202.32951 494.16577 284.0844
vehicle 0.56276304 554.606 185.7933 585.602 198.59348
vehicle 0.5011873 547.0553 191.1108 574.6054 215.136
vehicle 0.46765727 657.65424 195.36705 712.63025 222.51915
vehicle 0.46361193 606.43713 192.92473 638.34814 216.57846
vehicle 0.45380986 596.9701 186.88531 626.63776 198.64766
