vehicle 0.9383476 774.02716 170.07373 875.72784 213.08948
vehicle 0.93469423 903.5468 204.47534 1236.8691 370.65732
vehicle 0.9009796 24.686682 195.22081 387.36984 369.98486
vehicle 0.8432037 826.7696 169.51555 926.2744 217.70596
vehicle 0.8175561 510.16754 173.97849 581.84357 208.1349
vehicle 0.7526244 655.1018 180.82892 741.5654 227.17334
vehicle 0.7207831 736.04504 172.3745 777.5855 200.34459
vehicle 0.69618565 675.69653 179.41232 729.4004 198.41217
vehicle 0.5475459 951.45703 142.57907 1229.4978 222.62221
vehicle 0.545815 349.01245 183.75331 493.67728 270.8902
vehicle 0.53174144 913.2641 165.09027 1010.11694 213.30965
