vehicle 0.887623 178.42453 177.76192 395.58624 259.57315
vehicle 0.8705123 898.3447 220.05353 1242.0 370.66815
vehicle 0.82606244 617.42426 178.1401 646.4735 196.27536
vehicle 0.80865854 480.10785 176.91226 523.44727 206.19704
vehicle 0.7680226 669.2175 178.74817 704.12573 200.37831
vehicle 0.670917 0.9414542 171.57364 201.01022 347.3587
vehicle 0.64123964 532.7753 175.73816 566.9087 194.70824
vehicle 0.62542963 656.5994 183.44339 712.1854 222.38391
vehicle 0.4519152 676.14734 181.7099 831.0583 256.22946
vehicle 0.41044542 293.8326 174.3264 447.5815 250.80373
