vehicle 0.94316643 911.4275 197.25052 1234.512 308.7126
vehicle 0.83689344 384.72226 175.90968 490.61536 213.39177
vehicle 0.82638973 0.0 175.30142 209.29137 344.68347
vehicle 0.81384355 864.9012 180.23358 1053.9255 267.08826
vehicle 0.80197614 533.86786 174.15344 576.6336 190.71214
vehicle 0.7648763 474.4633 176.04073 525.88916 202.7909
vehicle 0.6953037 748.6979 174.49016 1006.81635 241.04901
vehicle 0.57027763 615.56555 177.12149 646.28827 194.73419
vehicle 0.5556106 548.8288 171.33502 579.0492 181.55278
vehicle 0.43160307 288.9146 179.80865 413.93417 223.48763
