vehicle 0.8784728 394.26144 186.59413 484.12216 236.48372
vehicle 0.8031421 7.516397 193.01076 295.7831 367.85794
vehicle 0.7604572 485.1046 182.45163 519.7157 201.99171
vehicle 0.7341736 550.60126 182.3793 584.1613 202.99908
vehicle 0.6838234 245.32828 179.46518 356.93057 242.87073
vehicle 0.66620624 7.140836 193.63977 207.75629 303.24704
vehicle 0.6593136 536.1314 192.13933 574.94165 213.30963
vehicle 0.6094745 583.7178 183.50508 619.9672 203.63162
vehicle 0.4958687 345.84384 185.77272 394.66525 228.43616
vehicle 0.46987736 480.14575 190.38712 516.117 223.13234
vehicle 0.45172182 415.17328 182.6927 459.47308 197.99796
vehicle 0.44921863 355.12885 182.21233 393.66837 199.21123
vehicle 0.41714117 65.30719 183.04364 247.19382 280.13397
