vehicle 0.9332454 60.550674 191.22725 230.88962 272.9198
vehicle 0.80890197 201.90445 188.77592 387.98752 314.06256
vehicle 0.79501885 611.6381 182.84315 637.41125 199.23552
vehicle 0.77347696 552.8648 184.23892 577.45337 198.90858
vehicle 0.7484322 492.51968 180.30408 527.1738 200.4161
vehicle 0.71288896 656.16235 188.77017 725.3 226.28537
vehicle 0.56075186 453.59894 185.37238 509.58798 223.27812
person 0.5432209 333.71786 179.3188 430.61182 296.01517
vehicle 0.5202416 688.8495 187.44081 759.52985 233.03378
vehicle 0.44282773 408.587 177.33139 455.10983 206.16206
person 0.41716793 408.587 177.33139 455.10983 206.16206
