vehicle 0.9254275 485.39685 179.61778 520.90076 193.96739
vehicle 0.85762936 737.68463 175.10425 872.9098 261.6622
vehicle 0.8478654 863.07416 173.64056 1083.7047 302.10645
vehicle 0.7976798 613.3875 182.65305 646.73474 199.96005
vehicle 0.7848654 546.0922 178.80411 570.3154 191.10136
vehicle 0.69743043 1048.458 178.26704 1242.0 367.69568
vehicle 0.6322046 670.2236 179.27661 703.97766 202.03773
vehicle 0.5729401 590.123 190.68114 643.97235 211.28944
vehicle 0.5636415 688.9445 172.35313 851.93353 253.59486
vehicle 0.4865525 669.28204 187.49419 707.80304 216.69168
