vehicle 0.7940121 213.82169 179.31282 434.95496 272.47375
vehicle 0.77696466 557.9444 180.39906 585.96826 198.34798
vehicle 0.762745 583.0607 187.87987 633.1472 219.55157
vehicle 0.6860857 48.763493 235.16261 379.9721 369.66016
vehicle 0.6431154 338.62167 155.03706 503.86285 253.5812
vehicle 0.58604324 1132.0587 181.57092 1183.8837 196.67447
vehicle 0.5792159 612.7244 182.04529 641.7887 196.77054
vehicle 0.5391399 670.0587 183.41878 701.2052 200.24681
vehicle 0.4653589 1058.7233 184.54643 1121.4856 198.34125
vehicle 0.4618309 327.23712 146.95953 503.02484 249.47481
vehicle 0.45513782 4.943007 189.22273 201.72885 263.92612
vehicle 0.41567814 4.8681912 186.50821 282.21326 241.54771
