vehicle 0.8512539 0.0 211.94838 248.13982 371.51474
vehicle 0.8080667 549.012 179.82162 582.17285 197.77934
vehicle 0.78761274 682.36786 178.5492 711.66956 195.32298
vehicle 0.7736319 722.36847 182.46942 801.08997 233.83981
vehicle 0.7192523 627.8725 177.12206 653.4428 189.45631
vehicle 0.65377486 107.16078 114.58976 134.64772 144.22076
vehicle 0.63579315 786.97205 168.66658 1053.3367 316.48892
vehicle 0.4528991 724.6603 179.64508 779.4846 203.1834
vehicle 0.4526373 239.87836 112.25883 262.87195 134.51015
vehicle 0.4297346 783.86163 168.59117 1049.6608 312.3855
