vehicle 0.88689727 707.6429 190.45987 844.8968 295.72824
vehicle 0.782954 664.8542 191.70848 720.3975 226.48962
vehicle 0.77996314 170.55415 189.96294 262.19928 226.71962
vehicle 0.7613275 459.87808 190.13425 514.815 222.45258
vehicle 0.7510559 604.88184 190.09761 659.4965 219.04929
vehicle 0.6934161 389.9436 187.53621 456.74905 229.97264
vehicle 0.59701926 548.38763 187.01979 594.0969 215.32649
vehicle 0.5644137 318.80396 188.68552 390.56088 228.93309
vehicle 0.5006539 265.77643 190.51744 344.58102 226.06886
vehicle 0.4880204 552.15533 182.24284 594.99963 201.26556
