vehicle 0.92300093 4.185644 174.64693 154.96179 256.76767
vehicle 0.8699482 578.57446 181.82701 665.7807 232.77786
vehicle 0.78164256 541.7725 175.29819 582.824 197.91725
vehicle 0.78152686 455.6413 181.7746 525.9774 224.59567
vehicle 0.7507624 673.63403 175.95375 722.49133 209.80132
vehicle 0.75046265 735.31635 158.70175 884.6877 274.28766
vehicle 0.71568066 387.01587 180.36969 484.44614 237.88339
vehicle 0.62359935 187.6759 183.21646 261.90927 223.25604
vehicle 0.54097766 476.8953 178.5575 527.0934 204.71904
vehicle 0.52466244 550.30255 168.38129 583.2096 179.611
vehicle 0.5098503 602.4847 178.06439 642.80566 199.6488
vehicle 0.48017228 679.1795 179.89743 726.96686 221.59326
vehicle 0.45707905 676.0911 167.08565 715.2804 179.27808
