vehicle 0.96578413 0.56462663 193.31369 281.71655 371.35315
vehicle 0.8251798 373.87097 181.46432 461.95102 236.22328
vehicle 0.7661645 261.6782 185.18166 361.1377 228.3275
vehicle 0.6726869 161.90004 185.33826 275.58926 224.8932
vehicle 0.6572628 288.31396 185.2997 377.39676 231.95238
vehicle 0.6391068 453.04865 178.86507 508.51013 222.8658
vehicle 0.6255413 562.4506 176.63339 653.9528 229.91475
vehicle 0.6023178 582.0907 177.78227 642.48004 206.31168
vehicle 0.55179 466.74448 178.16768 515.779 209.37112
vehicle 0.54188585 118.28747 185.32243 248.74266 220.42188
