vehicle 0.6950589 872.476 248.26317 1026.5055 370.19162
person 0.66570616 681.8266 177.88298 717.4329 241.00616
person 0.64909244 421.5007 180.89774 453.66092 229.19966
vehicle 0.6399952 817.66974 265.2385 966.09515 372.29153
person 0.5953575 473.0851 176.0121 508.99072 226.58154
vehicle 0.5825178 553.9503 177.0067 586.0433 199.48558
person 0.55850077 16.157833 166.8175 176.35638 368.7608
person 0.5380438 736.74677 177.97098 770.8855 236.1864
vehicle 0.5264648 895.1283 254.96494 1087.7104 373.2233
person 0.47772995 614.217 177.29546 640.8043 200.84804
person 0.4698718 681.1907 175.44135 709.4616 209.18848
person 0.4666405 617.92224 181.70334 649.28955 229.06985
