vehicle 0.9251531 477.3756 179.98112 510.64713 197.90002
vehicle 0.8895238 420.87787 180.47736 464.5272 200.7739
vehicle 0.8665084 857.8333 168.68742 1144.8705 346.5369
vehicle 0.8072465 336.43893 186.69803 423.48782 240.48099
vehicle 0.72685045 542.2548 177.48482 569.8328 192.64854
vehicle 0.7234954 663.24243 174.06645 722.0796 214.97
vehicle 0.6114149 603.2229 177.58603 638.14984 196.93349
vehicle 0.51301575 712.08527 178.2983 770.89874 228.43668
vehicle 0.46389943 766.6787 173.71973 886.0278 267.4761
vehicle 0.40966156 776.79047 176.85243 866.4295 202.90607
