vehicle 0.9363218 181.25485 188.0345 413.49673 265.66562
vehicle 0.9128068 840.6971 194.39539 1139.2122 294.77548
vehicle 0.89290494 701.3766 190.64972 774.75616 224.35463
vehicle 0.8459978 618.3933 182.83215 649.8026 198.19244
vehicle 0.7828336 1081.4668 206.0442 1242.0 336.5818
vehicle 0.77306795 551.9461 181.16512 587.65796 201.52309
vehicle 0.6947395 434.7456 181.92308 524.4921 221.56465
vehicle 0.627506 360.08163 182.33147 489.90936 236.93164
vehicle 0.5607955 2.4234123 129.62297 229.60066 361.44464
vehicle 0.43594658 473.37817 176.74 539.3511 209.54498
vehicle 0.43108076 678.3624 182.58127 712.841 204.08464
