vehicle 0.94321215 841.3672 189.96072 1235.5774 368.8941
vehicle 0.8105854 773.1431 175.07623 913.1567 280.2813
vehicle 0.7906305 644.7881 168.22453 710.27545 205.16304
vehicle 0.75846106 805.23706 165.09677 850.19934 181.28015
vehicle 0.7028253 732.1025 162.6125 771.3582 181.41063
vehicle 0.57861555 599.19135 169.67009 662.6484 215.88417
vehicle 0.54925483 466.08786 175.85088 517.32764 202.08534
vehicle 0.5488185 329.25806 178.6877 501.6285 280.27832
vehicle 0.482036 0.0 148.53688 265.8985 374.84592
vehicle 0.47300726 875.4107 159.62717 916.30194 178.41405
vehicle 0.45662707 896.2887 152.50017 979.6661 188.10039
person 0.40278146 294.0726 182.83383 315.7718 200.68411
