vehicle 0.97503746 181.12746 196.7112 474.94183 361.45844
vehicle 0.92200935 907.6889 263.1361 1242.0 373.0623
vehicle 0.7574625 539.9075 178.57912 574.8458 203.75763
vehicle 0.7382661 493.66644 179.72418 529.9371 199.00453
vehicle 0.70946646 134.28479 194.4032 206.98979 226.60303
vehicle 0.69186544 374.2973 190.24504 475.55237 224.32407
vehicle 0.63940215 753.9944 177.49338 987.8566 333.54343
vehicle 0.6149276 565.12885 178.78664 635.0739 221.86314
vehicle 0.53823906 633.18805 181.9737 703.6088 218.04005
vehicle 0.41988754 406.95557 181.22401 470.91202 194.48485
vehicle 0.40255618 1.9369229 206.21797 31.009125 251.83148
