vehicle 0.7755065 122.94319 201.58604 348.16727 317.78784
vehicle 0.74702436 768.4607 174.06108 996.6749 326.95032
vehicle 0.63965076 4.8420777 230.61743 164.0124 354.55145
person 0.6188112 976.8443 164.96445 1061.578 281.7925
vehicle 0.6069181 524.83844 175.98918 558.8672 192.49779
vehicle 0.60076433 186.14432 193.02937 371.03955 307.54898
vehicle 0.49430662 691.77045 165.40294 792.3906 211.3901
person 0.47422427 354.85895 184.51245 397.5092 231.46825
vehicle 0.4355367 0.0 5.1120667 478.74545 321.61902
vehicle 0.4351283 497.3003 179.30289 527.3072 198.16766
person 0.43018803 408.78555 184.12944 450.4196 228.49513
vehicle 0.4060309 684.59015 162.4865 799.97656 256.2779
person 0.40537867 421.14197 178.73814 449.53976 203.1638
