vehicle 0.95745206 39.65247 183.88974 352.10336 355.32816
vehicle 0.9328962 830.2641 176.71475 1115.1005 327.60446
vehicle 0.8815237 450.24075 179.78885 538.94324 224.04906
vehicle 0.8500061 720.6261 180.558 784.8446 230.82314
vehicle 0.8076624 586.2138 180.83 671.5117 224.19023
vehicle 0.799178 532.42535 174.20215 575.97784 197.21945
vehicle 0.67002785 291.03253 184.32872 422.3739 275.75757
vehicle 0.61325455 410.7931 174.3878 456.999 198.3602
vehicle 0.5331539 734.1654 176.88214 783.0319 202.94275
vehicle 0.5200438 608.7884 177.10733 657.5334 200.73236
vehicle 0.51237345 792.7349 180.85648 847.515 231.93115
vehicle 0.49671426 478.78986 177.5212 529.5705 202.69293
