vehicle 0.965063 67.64005 193.38441 346.1629 339.03418
vehicle 0.8810557 581.10864 184.7523 643.0228 224.43163
vehicle 0.6439023 341.312 157.51389 499.60904 242.94118
vehicle 0.6431094 617.28705 181.0526 649.37115 196.42389
person 0.61342007 846.9589 176.58269 895.7188 229.60484
vehicle 0.53446865 551.0005 179.96004 584.3536 201.19527
vehicle 0.500129 530.9245 183.21315 577.1869 221.12212
person 0.42590225 956.6545 184.53368 1056.1112 353.8531
vehicle 0.4217645 1083.1592 188.4941 1122.7468 202.63818
vehicle 0.41959068 666.91345 182.07565 700.92737 200.38628
