vehicle 0.8194337 552.5393 184.49406 572.4265 197.24721
vehicle 0.8091029 494.6444 183.25063 520.2792 199.45258
vehicle 0.67102736 490.1484 190.91287 519.44745 216.53218
vehicle 0.60607404 402.86005 191.62773 460.71222 231.53069
vehicle 0.5984423 0.7637152 42.7023 341.843 369.7122
vehicle 0.5909749 0.0 15.681521 356.85272 368.01144
vehicle 0.58214265 535.855 191.26595 568.6999 212.4153
vehicle 0.53805304 383.91742 196.82095 468.72803 255.43617
vehicle 0.4839047 425.4778 184.10684 449.38626 196.7657
vehicle 0.46020028 348.33893 190.8795 387.67065 221.50563
