vehicle 0.8559436 1114.709 154.97403 1190.5087 175.8235
vehicle 0.82373947 624.97815 179.54535 659.38745 199.10442
vehicle 0.7331863 879.40094 164.29143 909.9416 174.03703
vehicle 0.70403993 681.0266 175.59451 702.1179 191.01588
vehicle 0.6802275 1050.7732 159.62233 1099.3801 176.686
vehicle 0.67957854 1180.7465 154.40605 1235.1951 173.52078
vehicle 0.6591725 936.12634 165.40117 969.5347 175.52785
vehicle 0.604174 817.4214 164.24013 845.61206 174.1045
vehicle 0.56378525 308.93878 125.63757 535.5798 221.59781
vehicle 0.512995 1031.2561 162.84906 1066.845 174.81361
vehicle 0.473214 311.1854 123.72167 537.5509 220.56543
vehicle 0.45145965 571.4507 180.39648 661.53 238.04086
vehicle 0.43301693 543.9509 181.21321 574.57196 197.41483
