vehicle 0.9342001 404.21506 176.7843 587.5752 283.6015
vehicle 0.88020426 604.30145 168.16219 661.2042 199.44046
vehicle 0.8029008 810.43475 184.49736 1139.3008 367.5604
vehicle 0.70567125 397.92953 181.92825 444.9671 194.76543
vehicle 0.7051232 736.8731 169.66452 791.1079 205.0424
vehicle 0.6874067 61.795662 196.0965 104.24345 216.40985
vehicle 0.66748846 542.6624 177.29085 594.3196 202.58148
vehicle 0.61511946 0.53165984 198.17728 51.040382 220.72562
vehicle 0.569741 763.5227 161.92386 847.9596 208.43091
vehicle 0.54808426 810.25464 166.59772 942.77405 211.96742
vehicle 0.54112387 353.18735 183.92853 398.99878 196.07817
vehicle 0.5276519 294.1941 186.81326 330.05264 201.77959
vehicle 0.47851995 617.78827 165.55878 661.7692 184.37859
vehicle 0.4447479 133.79915 191.99638 180.24284 211.69537
vehicle 0.44250473 469.76694 177.49239 536.9794 197.42424
