vehicle 0.89929014 966.22906 179.03174 1242.0 372.46365
vehicle 0.8773988 1.4136479 178.69525 227.0356 364.7793
vehicle 0.7955885 591.2229 181.08435 665.7411 222.25139
vehicle 0.743267 536.69446 170.19179 583.8264 199.39142
vehicle 0.7250264 611.7131 176.65067 654.86127 200.63306
vehicle 0.64742607 755.9672 180.09254 859.77246 236.53033
vehicle 0.64734536 470.10434 176.73494 520.2079 206.5047
vehicle 0.6277931 723.9181 178.82338 791.85406 236.99704
vehicle 0.6247984 168.84987 179.58737 264.4809 238.45793
person 0.54976535 735.6864 174.47397 772.9646 203.60115
vehicle 0.5337277 349.3169 174.3513 491.62946 247.4052
vehicle 0.49993205 289.4632 174.39871 387.6298 240.74149
vehicle 0.4886728 386.4575 174.79143 452.89575 201.83055
person 0.48505393 875.9981 193.32413 990.087 317.27145
