vehicle 0.8416899 1109.3868 155.65392 1196.0116 176.3407
vehicle 0.81867874 881.89166 164.46686 910.41144 173.75948
vehicle 0.8134457 668.77704 175.87825 697.1171 192.83775
vehicle 0.7859247 934.3981 164.9265 965.2914 174.72563
vehicle 0.7524189 817.00415 164.47452 843.6125 173.6304
vehicle 0.7114361 1050.7942 160.8322 1098.4618 176.78241
vehicle 0.6530843 757.62573 170.52121 775.6488 180.26492
vehicle 0.61268246 1176.752 154.09833 1236.178 173.70273
vehicle 0.61083454 480.85052 177.8205 519.21173 203.38492
vehicle 0.55576146 1031.864 163.83734 1065.2335 174.86465
vehicle 0.47333518 739.0183 176.2642 761.48785 188.8655
vehicle 0.45898157 686.5371 170.99622 706.82916 180.45723
vehicle 0.45134112 649.03033 177.11717 673.92554 194.24577
vehicle 0.44083044 533.2386 176.55054 565.7855 195.01839
