vehicle 0.84404945 146.32106 187.79794 419.1418 261.51193
vehicle 0.8289569 839.0693 0.33115223 1242.0 369.2939
vehicle 0.8181433 554.81323 176.95842 590.2066 194.42786
vehicle 0.75142807 621.77167 177.90854 647.8916 194.94621
vehicle 0.7205479 664.1516 184.77315 737.6101 234.09723
vehicle 0.7181942 327.70093 161.22075 514.05725 234.55989
vehicle 0.69761664 722.8094 186.71968 801.7888 228.65987
vehicle 0.634568 149.71207 192.04524 402.80725 300.21387
vehicle 0.5609058 470.6646 177.15256 525.7505 203.96707
vehicle 0.5408143 678.6092 181.28563 716.63135 197.19449
vehicle 0.53132594 32.64275 206.37819 221.79678 316.34506
vehicle 0.47390214 762.45746 186.56131 821.8638 226.9334
