vehicle 0.9597978 913.39764 204.93387 1242.0 367.6718
vehicle 0.903313 694.98157 181.17572 793.40576 229.35432
vehicle 0.8931839 169.52579 186.55838 400.4158 265.05692
vehicle 0.83288586 367.3007 181.86653 473.19357 234.87668
vehicle 0.7851174 759.52655 177.2524 987.21643 319.5281
vehicle 0.7806816 531.452 176.50684 572.475 196.7738
vehicle 0.74978495 8.806523 194.85326 219.55435 337.0298
vehicle 0.7218643 461.99326 177.00912 524.4535 205.56667
vehicle 0.715612 597.0874 177.95293 639.38904 196.37941
vehicle 0.44307587 401.33463 177.64616 459.77347 202.9086
vehicle 0.40768254 449.80835 180.8502 519.77484 224.09277
