vehicle 0.89001155 744.0424 184.5821 778.7859 196.07983
vehicle 0.81906104 682.3813 183.30531 709.5859 194.54279
vehicle 0.8147243 1123.1597 191.18773 1191.1724 213.5944
vehicle 0.75562364 806.28326 186.68262 839.5853 198.1521
vehicle 0.74957734 1183.0396 192.3204 1238.3849 212.89294
vehicle 0.7453219 1022.57623 193.44456 1062.9268 208.9226
vehicle 0.60712475 615.9288 194.01283 648.2866 216.79225
vehicle 0.55538845 632.1785 186.34554 652.3147 197.83186
vehicle 0.52193123 556.0161 193.91647 583.5898 217.63779
vehicle 0.40598938 561.1962 187.6667 583.08075 199.7573
