vehicle 0.9269748 0.0 163.972 306.2455 370.09012
vehicle 0.82007694 532.273 174.07234 563.2876 192.81693
vehicle 0.81306267 617.59265 178.30736 647.9133 191.14528
vehicle 0.73785996 711.8371 169.01889 882.19525 264.6872
vehicle 0.70389813 484.11444 177.69614 517.5982 196.22142
vehicle 0.69278204 1079.9193 55.300632 1242.0 258.02832
vehicle 0.5714387 556.39545 168.4096 575.15106 177.27214
vehicle 0.5306602 493.3087 169.50656 516.80316 178.4308
vehicle 0.47608677 347.1815 168.37717 494.18674 280.64822
vehicle 0.45446572 665.6513 179.04805 699.76044 196.0795
