vehicle 0.9415465 21.916193 195.52718 291.52734 297.6145
vehicle 0.9244459 176.23776 172.09764 382.00006 263.64685
vehicle 0.91196007 95.711395 190.29053 303.67175 285.36746
vehicle 0.8443026 461.7075 170.30722 525.75885 202.56738
vehicle 0.80326706 733.3135 165.52965 1003.07227 328.6848
vehicle 0.7445273 396.26392 169.1608 475.5229 215.99873
vehicle 0.74283385 664.3601 179.1523 702.9363 202.22551
vehicle 0.6954853 630.13214 176.46558 664.2022 197.0159
vehicle 0.63657206 0.0 199.22224 213.9801 339.34494
vehicle 0.6356514 233.03006 167.26817 425.06854 252.61394
vehicle 0.50938296 553.3499 170.31725 582.1411 181.03612
vehicle 0.42192432 539.6285 173.29773 572.33 191.07994
