vehicle 0.8747438 1112.1984 155.03778 1190.7422 175.73058
vehicle 0.8278916 423.75784 182.85191 601.4042 269.46655
vehicle 0.7754854 624.45825 173.13338 668.2535 204.78737
vehicle 0.7503501 878.7929 164.342 910.069 173.92868
vehicle 0.69195706 1179.2196 154.73625 1236.1171 173.20403
vehicle 0.6651297 937.1864 165.50414 971.23615 175.23993
vehicle 0.656426 1050.888 159.80673 1100.0869 176.4835
vehicle 0.6172507 817.7099 164.43884 847.01044 174.1487
person 0.59951967 683.2507 174.3326 701.3463 189.23329
vehicle 0.5371269 1030.0906 163.06303 1067.3591 175.00168
vehicle 0.5041922 350.18597 196.46396 393.62433 217.43011
person 0.40701458 698.98816 171.94344 715.36176 182.7674
