vehicle 0.8627033 833.02454 184.33965 1085.0363 331.5268
vehicle 0.6200773 715.72345 183.28287 787.32654 234.76796
vehicle 0.5925496 471.79166 188.23566 520.8491 231.72643
vehicle 0.57457346 0.0 239.55222 181.52377 375.0
vehicle 0.53119504 682.18726 178.69008 717.23315 201.85004
vehicle 0.4878707 560.6389 179.38838 597.48895 204.61272
person 0.4829182 810.85333 166.57231 835.9754 181.27817
vehicle 0.46638957 357.34238 186.92567 398.23953 203.1534
vehicle 0.44647053 386.8572 200.20526 492.2468 259.1313
person 0.44465515 879.9357 166.43701 923.89886 197.7679
vehicle 0.42239544 715.72345 183.28287 787.32654 234.76796
person 0.40351808 759.1034 167.82196 779.6276 180.03159
