vehicle 0.8337295 97.049416 179.64403 205.67831 228.16376
vehicle 0.7770162 262.0242 177.8192 330.67197 207.55867
vehicle 0.709598 465.1521 171.90857 503.15488 190.36769
vehicle 0.6289748 181.61447 170.9753 297.702 215.51779
vehicle 0.57458234 412.60245 174.49892 453.0512 189.08427
person 0.54394716 569.93964 170.78053 588.7253 191.98624
person 0.53859925 631.6028 174.73976 643.94653 191.74927
vehicle 0.53294927 1.6577445 184.69496 116.78268 267.1434
vehicle 0.44805297 44.0123 181.81255 176.97284 235.1104
vehicle 0.432782 365.47488 175.51488 400.64218 193.15742
vehicle 0.40589765 728.58246 178.84555 776.39435 193.81964
