vehicle 0.9771622 861.54376 192.1898 1186.788 353.67947
vehicle 0.9316261 6.5285683 181.08488 194.14197 264.64233
vehicle 0.9292485 269.51028 174.60736 480.5448 270.79736
vehicle 0.90801334 453.3107 171.4308 530.7228 208.27777
vehicle 0.866807 593.4655 174.07076 653.9926 211.1177
vehicle 0.8010347 755.65967 176.37883 895.9631 265.07562
vehicle 0.630244 547.69037 161.7674 586.152 179.6879
vehicle 0.60467434 617.03687 163.68637 651.69794 176.52814
vehicle 0.50413156 175.45149 176.42104 306.50186 251.07524
vehicle 0.45362723 185.05997 179.86455 280.23376 238.5618
vehicle 0.4017286 686.0204 177.33939 711.97156 197.66063
