vehicle 0.98616856 135.01033 188.68533 450.85214 351.56516
vehicle 0.8807104 746.5222 175.10773 879.23883 263.7837
vehicle 0.79388523 676.8487 177.24637 717.0928 200.32368
vehicle 0.7846039 858.9506 187.64679 1172.871 363.7585
vehicle 0.75214845 734.1938 176.1856 781.0251 201.89662
vehicle 0.5624026 474.10736 183.94862 527.49713 235.77686
vehicle 0.46284458 561.20245 177.42134 600.4416 204.51959
vehicle 0.4556018 378.60196 184.2614 489.4675 277.9319
vehicle 0.4319577 408.67935 185.95107 474.44153 229.23366
vehicle 0.41561243 416.6625 182.8597 462.1519 200.48009
