person 0.76380575 630.5693 176.30873 644.0067 194.56837
person 0.70909184 569.2422 176.47766 583.21533 196.35446
person 0.64583534 493.54858 173.17508 513.1522 194.54836
vehicle 0.6126488 118.07807 175.54034 200.59424 210.97913
vehicle 0.5089697 424.50864 175.3297 447.1353 191.37535
vehicle 0.5025921 932.17175 175.68918 1172.1254 310.2275
vehicle 0.43530366 683.50073 173.73447 701.71796 182.2256
vehicle 0.43020955 758.7577 171.59131 782.7352 182.18341
vehicle 0.41909143 351.18674 175.01625 383.17538 188.78433
vehicle 0.41640964 812.0425 166.83974 837.73364 178.82751
vehicle 0.41353855 683.2388 173.72319 706.66315 189.92255
