vehicle 0.8704998 742.83856 181.61687 772.64044 193.02768
vehicle 0.8344264 871.763 183.56818 904.9321 192.99707
vehicle 0.8155878 615.4085 184.94598 644.47675 198.8948
vehicle 0.79194796 814.3068 179.93404 844.33875 191.08887
vehicle 0.7564256 1177.7225 181.53822 1231.8037 199.46733
vehicle 0.75355625 682.9739 182.58917 706.94403 196.89854
vehicle 0.73926216 1072.7727 184.27614 1121.2336 201.38246
vehicle 0.71092486 1005.4669 185.17622 1044.5529 199.84058
vehicle 0.67639625 1110.8331 182.04224 1192.8466 201.37659
vehicle 0.6724029 951.30774 187.12021 979.5588 198.62756
vehicle 0.45735097 606.3972 187.28596 642.8177 217.07486
