vehicle 0.9315378 221.20909 186.63824 442.7495 313.47287
vehicle 0.87848485 470.68695 173.2392 504.93582 190.70804
person 0.6857039 87.801025 180.81442 121.71289 249.77861
person 0.6804459 138.87726 181.73041 178.1505 248.61916
vehicle 0.5851057 625.73535 167.79385 639.5975 176.19244
vehicle 0.5325935 545.81604 173.98355 565.47327 186.77345
vehicle 0.5163799 560.2794 169.0027 576.02234 178.02382
vehicle 0.46474117 418.2719 174.47165 453.31775 193.81944
vehicle 0.461407 673.3027 166.83035 689.71954 174.52765
person 0.4564428 897.9635 169.72899 915.6546 196.42789
vehicle 0.44520313 311.77133 103.98754 338.03552 145.57268
