vehicle 0.8778442 961.65674 217.20424 1242.0 372.26932
vehicle 0.80994934 478.50967 169.63066 552.709 208.63512
vehicle 0.7765151 753.9716 193.20561 977.3148 308.52148
vehicle 0.69164914 667.11584 176.52539 723.7881 208.03575
vehicle 0.67438406 1.1194291 138.43031 443.16263 371.5518
vehicle 0.6585584 712.15704 179.53807 815.4593 232.08214
vehicle 0.5827872 518.11444 172.21017 558.05945 195.37177
person 0.54280424 678.87244 178.86241 715.91064 223.9765
person 0.425534 640.3704 176.7242 660.6936 195.06999
vehicle 0.41573122 558.3517 168.24947 576.6433 179.56387
