vehicle 0.9805848 47.746964 206.33795 330.6165 331.73587
vehicle 0.75590396 814.98834 198.70108 985.46844 283.01752
vehicle 0.7439503 479.62784 190.75517 528.1232 223.28992
vehicle 0.7024939 554.5101 178.9065 583.0234 195.03578
vehicle 0.6444669 871.9401 197.50002 1003.30365 284.5842
vehicle 0.5794378 611.29456 182.6276 643.6903 199.30766
vehicle 0.57328594 717.2109 190.20253 768.76685 231.22696
vehicle 0.4931645 379.39026 200.81625 498.2536 262.08896
vehicle 0.474032 658.3837 187.59964 711.765 222.47118
vehicle 0.45242795 660.16437 194.08777 718.5344 246.32812
vehicle 0.43255284 496.22546 179.60075 539.06604 202.51614
