vehicle 0.82961 516.55414 182.17444 590.4183 230.9998
vehicle 0.816124 345.42502 188.03572 386.24893 215.4103
vehicle 0.75423115 152.13751 179.58049 287.6927 257.92554
vehicle 0.690194 276.46445 187.8851 321.40698 218.57979
vehicle 0.6787737 415.96936 186.74464 473.32587 221.48166
vehicle 0.61871827 23.819199 187.62012 175.51802 259.3209
vehicle 0.61543393 358.10034 183.0627 392.1565 204.76656
vehicle 0.5248541 422.24234 183.23663 458.13235 205.46451
vehicle 0.45828098 11.277896 198.3424 160.59929 279.7819
vehicle 0.4422578 0.017257977 215.52127 137.56488 330.3908
