vehicle 0.9354287 188.96117 184.86345 396.91452 274.87
vehicle 0.9231604 723.5385 186.27469 810.92035 229.13
vehicle 0.8552865 539.4994 179.40623 583.06726 198.93964
vehicle 0.848941 0.28304976 187.44809 264.62112 333.12134
vehicle 0.837199 840.5517 195.53674 1094.4141 272.0858
vehicle 0.83290625 262.86398 180.02048 431.1624 256.23935
vehicle 0.76398367 138.53873 191.12807 366.6071 283.35577
vehicle 0.7478978 618.2462 179.42294 650.898 199.65857
vehicle 0.650836 463.89682 179.09546 524.9003 209.63354
vehicle 0.4848021 1067.6976 238.37418 1240.0255 368.6678
vehicle 0.45437348 674.4618 180.81702 709.87756 204.19742
