vehicle 0.9048355 460.12903 188.9475 514.534 216.68158
vehicle 0.8652506 555.07355 193.5002 724.0142 272.09662
vehicle 0.86144525 9.969269 214.53052 185.46936 311.9612
vehicle 0.8604365 427.03125 183.35405 453.10123 194.40506
vehicle 0.80527395 362.9528 183.5649 386.74466 195.02304
vehicle 0.788749 466.46332 183.90083 501.607 198.24855
vehicle 0.67052734 280.9674 189.69875 331.21564 211.75682
vehicle 0.6370996 745.179 135.52405 1239.3773 374.71576
vehicle 0.6293686 291.81696 183.14484 322.04694 201.52112
vehicle 0.4784537 729.0089 134.71011 1241.7804 371.08084
vehicle 0.41816637 731.8933 135.35796 1237.2195 372.44672
