vehicle 0.9074145 665.9332 177.23715 701.7073 195.88808
vehicle 0.86453116 1124.3591 156.10027 1176.3092 172.73459
vehicle 0.80759907 527.9446 172.85014 574.7149 194.7181
vehicle 0.79539764 879.01843 164.3946 908.8284 174.54648
vehicle 0.75372 1016.5492 162.35681 1050.3015 176.52065
vehicle 0.7357149 1066.9747 160.5455 1104.8588 174.8868
vehicle 0.73187965 268.72617 157.45296 543.086 290.23233
vehicle 0.7177835 819.40955 165.04268 842.69464 172.674
vehicle 0.6923822 631.06995 178.61679 660.182 194.67358
vehicle 0.68541324 1185.1123 153.98085 1227.9375 169.51735
vehicle 0.45028105 952.3299 166.45683 978.1678 175.56065
vehicle 0.4250741 759.8273 171.47246 778.76624 180.88075
