vehicle 0.9608552 9.0317335 201.51933 299.44644 365.24457
vehicle 0.63401717 579.35645 180.32085 671.7847 238.58545
vehicle 0.6165852 414.04315 117.22641 549.4605 229.06978
person 0.49315977 686.4524 183.70363 707.85144 201.02058
vehicle 0.4847159 41.76845 178.92542 176.68494 201.95483
vehicle 0.47436145 183.24434 179.70128 256.48825 205.84456
vehicle 0.47346523 267.51602 190.62816 329.0603 223.05182
vehicle 0.43097666 203.87456 183.83447 279.41504 221.32524
vehicle 0.42977953 301.88092 180.06764 434.6708 259.77228
vehicle 0.40732434 363.6735 181.57948 457.4454 242.682
