vehicle 0.96873605 910.76953 174.24045 1190.2086 329.8025
vehicle 0.9378012 773.9321 175.68343 944.10657 278.26413
vehicle 0.8946523 482.5699 180.74863 517.9485 195.03323
vehicle 0.81007594 612.541 180.52655 646.79584 197.45164
vehicle 0.769036 664.2019 177.01178 707.2783 200.3845
vehicle 0.75624806 549.7081 178.27655 574.1398 190.53354
vehicle 0.6466996 675.58777 185.91953 724.2337 222.6236
vehicle 0.61391723 732.6927 174.80074 888.33 263.14746
vehicle 0.55879235 587.88885 191.9679 647.58374 213.79044
vehicle 0.4699514 689.19324 173.19736 840.0248 255.24094
