vehicle 0.87046367 593.73596 178.04999 633.5219 194.72821
vehicle 0.7496 117.61274 175.05269 338.30646 229.68726
vehicle 0.67773527 873.6721 169.57562 915.90106 181.53389
vehicle 0.569571 1005.3743 171.87213 1038.3451 182.39737
vehicle 0.56389976 752.9051 174.7698 774.9567 191.80153
vehicle 0.5393905 478.56522 178.6633 520.1381 209.9259
person 0.5123285 752.9051 174.7698 774.9567 191.80153
vehicle 0.49460518 567.63855 178.84148 601.6992 200.0185
vehicle 0.4655176 700.39526 177.7979 718.11066 190.04408
vehicle 0.44895658 1137.8712 169.94714 1173.363 182.01912
vehicle 0.42726856 1075.4161 168.76112 1108.7291 180.15193
vehicle 0.40026087 941.7149 171.13828 971.96564 180.8346
