vehicle 0.9463882 722.4729 198.66025 917.2298 320.96255
vehicle 0.7409653 468.21646 190.62045 524.0892 227.31192
vehicle 0.72739375 548.1498 191.72444 594.24316 218.23244
vehicle 0.72612447 659.0156 193.61873 720.36847 233.3809
vehicle 0.6864768 372.14944 189.2181 463.28 237.86142
vehicle 0.5816015 257.37628 192.20116 336.75363 224.47993
vehicle 0.55200654 552.8909 182.11264 589.5547 197.7191
vehicle 0.54201627 473.6791 181.79083 528.5386 201.03044
vehicle 0.44975746 320.61237 189.0691 411.56635 232.63414
vehicle 0.43622547 145.10779 196.70667 215.20195 228.7734
