vehicle 0.9000245 143.2696 192.50731 363.2589 309.33694
vehicle 0.6711579 440.9921 124.50395 566.8922 221.92784
vehicle 0.55694824 604.8876 180.64288 650.23096 199.68404
vehicle 0.5338308 573.8479 181.53873 671.6196 241.71355
vehicle 0.52457535 2.1491752 201.40054 89.23711 256.91516
vehicle 0.5219494 442.9445 125.21177 571.02954 223.23901
vehicle 0.5091046 248.99335 178.43454 310.1865 197.60698
vehicle 0.4955428 375.36465 182.77657 466.94745 235.78456
vehicle 0.4396863 48.498558 194.933 148.42123 223.50182
vehicle 0.42543706 66.29517 201.42387 148.3743 248.5138
