vehicle 0.9694622 217.84349 200.67188 462.9822 353.89838
vehicle 0.9517549 0.0 209.13512 263.23184 364.3158
vehicle 0.91613024 1033.4224 279.35532 1235.0448 373.80676
vehicle 0.83016974 541.4813 192.15317 580.50696 219.32729
vehicle 0.8252097 747.7409 200.77602 912.21185 281.51123
vehicle 0.77102333 659.16284 190.25404 712.98706 222.11069
vehicle 0.67991847 553.7477 184.41687 584.7441 197.87677
person 0.6066571 1070.0822 202.72006 1197.5842 345.46027
vehicle 0.5941024 723.9052 205.92053 782.80255 249.7941
vehicle 0.5855537 1011.3036 263.9843 1172.0083 372.42554
vehicle 0.49600142 618.53296 184.03117 648.4661 199.1971
vehicle 0.4005871 666.006 203.72858 714.18994 237.89992
