vehicle 0.954344 894.3475 215.08897 1237.8782 358.925
vehicle 0.90975094 816.38947 194.7709 967.47314 284.67642
vehicle 0.9095092 898.4606 193.63046 1238.3815 305.38028
vehicle 0.88755435 431.8222 189.0471 517.5992 218.51376
vehicle 0.8769327 722.7666 188.7613 809.06494 233.41335
vehicle 0.8525735 239.12978 175.48915 427.9671 253.62619
vehicle 0.8450435 210.23457 185.08208 405.67572 271.05795
vehicle 0.8251567 1.8398975 195.2603 309.02707 296.38177
vehicle 0.7527424 616.7482 192.07051 662.5119 214.72476
vehicle 0.7102417 2.5360382 238.37201 189.28212 364.44617
vehicle 0.68562806 558.49225 185.44676 582.315 197.01541
vehicle 0.41389322 612.1771 185.44188 641.8111 197.49635
