vehicle 0.86754775 516.68304 195.62714 734.9758 366.48483
vehicle 0.8471191 590.09875 173.26146 647.83844 195.30348
vehicle 0.82073486 24.51647 107.752686 449.07526 345.77237
vehicle 0.73032725 543.26874 173.96494 588.42413 192.52756
vehicle 0.65160966 745.9717 0.5175099 1242.0 370.2144
vehicle 0.5331525 477.88284 167.45552 518.02246 180.39842
vehicle 0.48753154 474.51248 171.80527 515.5485 208.1513
vehicle 0.47879598 745.9717 0.5175099 1242.0 370.2144
person 0.47768494 684.9389 171.71715 725.16016 199.82018
vehicle 0.4522021 552.74713 171.20876 593.18475 183.53452
vehicle 0.423633 684.9389 171.71715 725.16016 199.82018
