vehicle 0.87175065 893.19305 192.97931 1241.5627 370.85022
vehicle 0.81651306 717.1104 188.78223 794.8131 226.77957
vehicle 0.72313935 679.39185 179.84636 705.5662 199.98528
vehicle 0.68852395 559.7072 179.27419 592.71967 199.49211
vehicle 0.6585292 747.9447 188.45813 905.63947 276.64862
vehicle 0.6388382 638.03235 178.74744 657.3813 193.68784
vehicle 0.46469834 888.6562 193.40793 1242.0 373.5693
vehicle 0.4285283 793.85565 187.56522 940.09204 281.20367
vehicle 0.42789012 893.19305 192.97931 1241.5627 370.85022
vehicle 0.41585067 429.10715 166.08606 565.2198 259.3031
