vehicle 0.85616773 461.21292 187.20836 508.76465 220.76218
vehicle 0.7521212 392.79156 191.98982 452.91608 219.40266
vehicle 0.6758798 340.38898 193.05553 381.48788 219.17375
vehicle 0.58583295 162.7086 191.63492 324.2695 265.49988
vehicle 0.5634169 552.71576 182.02608 585.0433 204.43419
vehicle 0.53865564 416.07132 185.6066 450.70807 197.07135
vehicle 0.53198045 353.91656 185.85928 391.2756 199.71884
vehicle 0.5075532 342.54276 193.62389 490.5193 279.82214
vehicle 0.4970346 480.3498 182.2838 512.51404 200.17606
vehicle 0.4951808 175.27296 190.81209 296.88855 222.58595
vehicle 0.4539821 674.7287 136.39845 698.21027 167.03598
vehicle 0.42338845 282.27243 192.23087 336.4992 218.86638
vehicle 0.41998377 282.29523 186.68546 330.34735 199.74074
