vehicle 0.9810672 9.351339 176.50433 338.20615 306.43314
vehicle 0.97871244 759.46497 194.96294 1110.9875 366.69363
vehicle 0.91435677 448.24426 167.0641 530.6125 208.048
vehicle 0.7616831 725.6007 173.57051 812.4771 211.02599
vehicle 0.73552215 270.5895 154.6001 426.181 248.83485
vehicle 0.7136811 371.78577 167.22144 493.0698 217.76886
vehicle 0.653821 542.9143 165.09695 585.6966 184.29367
vehicle 0.63376737 220.3395 146.4024 414.03015 260.45105
vehicle 0.59694576 666.75183 174.03688 703.2046 196.57669
vehicle 0.5450455 614.43243 171.05682 656.14496 191.49486
vehicle 0.52751076 753.21454 181.57079 877.1321 231.54922
vehicle 0.52024513 610.3867 167.14787 637.6095 182.1208
vehicle 0.49447894 2.7193432 103.484 348.67026 289.01544
vehicle 0.45172518 531.01733 167.67552 579.33307 190.53966
