vehicle 0.9251409 8.113445 215.83548 320.57935 370.89706
vehicle 0.87735605 544.98334 180.94131 585.5624 198.54153
vehicle 0.85531867 910.8742 225.97003 1106.0371 347.48935
vehicle 0.8505033 878.4221 217.48346 1024.7021 329.48196
vehicle 0.81325054 247.97705 164.14421 492.51895 315.65546
vehicle 0.6963701 1049.4763 223.16328 1236.7295 361.0531
vehicle 0.68858105 818.86224 215.78801 950.6134 319.33133
vehicle 0.6812538 645.4168 185.02289 710.38525 224.93689
vehicle 0.6453743 618.96326 182.95609 646.4989 196.10849
vehicle 0.6328487 528.2735 189.47478 574.85187 219.906
vehicle 0.5230749 656.5538 182.73605 705.85126 197.09981
vehicle 0.44641834 772.03314 212.37325 889.9277 320.09506
