vehicle 0.95712703 107.830154 191.37213 324.5967 289.96317
vehicle 0.9214931 327.0596 198.88441 509.10056 305.9029
vehicle 0.8393729 575.3029 188.0178 629.52734 223.15085
vehicle 0.8235134 817.86035 208.5852 1077.1915 371.1518
vehicle 0.705369 724.43024 208.45047 869.30597 308.115
vehicle 0.6008756 709.00665 199.4669 835.0318 298.30872
vehicle 0.59582174 469.59128 189.72491 529.1386 228.20183
vehicle 0.57087815 528.7461 189.80482 575.8321 222.47511
vehicle 0.5326639 547.29034 183.3789 581.3264 198.06714
vehicle 0.53264195 888.92053 197.6902 1231.4412 369.67697
vehicle 0.4912671 598.50525 184.60843 641.7661 200.77672
vehicle 0.45484105 482.53534 183.7297 521.1336 197.9776
