vehicle 0.80963904 0.0 209.64719 244.75839 368.659
vehicle 0.7653021 959.7307 163.01953 1088.3512 235.88548
vehicle 0.7090927 775.887 167.29063 858.95734 208.80579
vehicle 0.70834225 221.03773 192.76773 431.81625 314.6502
vehicle 0.6859681 690.5897 168.8308 795.1949 203.83672
vehicle 0.660135 821.23914 168.70073 943.027 216.67677
vehicle 0.6099889 1119.3715 156.5485 1242.0 245.69435
vehicle 0.5991257 879.91504 165.67789 976.34845 229.15634
vehicle 0.5334466 148.44278 203.70016 186.62988 214.2183
vehicle 0.5187681 198.97699 199.05396 249.77904 211.68483
vehicle 0.47296512 10.132209 203.62587 52.479477 214.36485
vehicle 0.4556747 75.69062 205.86891 111.95971 216.11119
