vehicle 0.943318 838.78467 209.31601 1242.0 368.2801
vehicle 0.9091645 429.48093 185.2224 523.5794 220.50928
vehicle 0.89399004 0.0 197.31364 244.16812 367.15344
vehicle 0.85484016 722.90753 186.1728 805.86456 234.08386
vehicle 0.8470504 259.7896 175.45055 442.32468 246.50287
vehicle 0.8189538 604.3131 182.2223 642.3987 201.02022
vehicle 0.6864829 222.10756 185.06554 419.04254 277.73755
vehicle 0.659166 561.1606 181.24487 586.7981 194.62086
vehicle 0.6429466 461.82712 183.28854 512.4702 198.82173
vehicle 0.5974113 779.74335 189.09795 857.8107 235.2597
vehicle 0.59365594 6.4312296 185.44731 311.21713 288.4997
vehicle 0.42299473 810.22876 184.73125 942.9652 265.26993
