vehicle 0.9399003 0.8901891 218.35107 285.55444 370.33426
vehicle 0.7566859 472.87106 189.6721 530.9858 231.97107
vehicle 0.73008126 681.6903 178.95253 714.5177 200.66252
vehicle 0.7095307 711.8495 186.5525 769.3978 233.53233
vehicle 0.6392961 793.1662 184.18571 1004.51904 307.21017
vehicle 0.5541485 718.23926 179.63387 766.61084 197.5736
vehicle 0.5015767 351.42554 189.91931 395.01187 203.11783
vehicle 0.44103736 395.151 199.488 497.06277 254.74043
vehicle 0.41859078 527.3978 186.21632 569.4181 218.7137
vehicle 0.41824803 563.37854 181.7563 594.1143 203.4251
