vehicle 0.96708727 721.5657 182.76514 915.3102 283.09402
vehicle 0.9485167 860.95404 197.0591 1233.7972 370.89355
vehicle 0.9315729 217.80063 194.53687 390.30823 294.83163
vehicle 0.9208423 608.8303 179.37793 640.83453 192.72948
vehicle 0.8716994 0.0 212.4976 240.72627 371.4558
vehicle 0.8109191 491.60684 191.7056 534.79065 211.96169
vehicle 0.79566455 687.1524 179.82419 715.60236 198.68834
vehicle 0.73327154 502.97787 185.0017 537.2282 201.45218
vehicle 0.5923125 714.08453 184.84758 770.74457 225.45853
vehicle 0.5856095 398.49246 195.08533 456.0331 224.10358
vehicle 0.5847982 370.74533 195.53009 463.72195 251.22098
vehicle 0.51491183 549.8208 182.45218 571.685 194.04991
vehicle 0.40185252 917.335 70.94361 1242.0 294.30176
