vehicle 0.885402 553.9391 183.2251 575.68494 195.80336
vehicle 0.8610011 472.56873 192.56839 515.01 219.07983
vehicle 0.7782503 1159.3073 207.96251 1240.2545 240.66815
vehicle 0.74857056 206.76454 181.69724 267.07867 204.97685
vehicle 0.69014287 498.18994 182.70265 519.4697 194.58421
vehicle 0.6694917 109.80758 177.31764 204.13333 209.38188
vehicle 0.57987785 247.89151 182.0076 298.11377 204.30324
person 0.5731326 954.19385 193.89502 977.0164 226.15492
vehicle 0.55837035 603.77856 184.93822 622.9637 198.76381
vehicle 0.5331354 247.1992 110.46645 274.3561 143.88412
vehicle 0.5277598 555.24225 189.1482 587.096 213.85255
vehicle 0.45438576 588.56494 191.07632 624.9259 214.17247
