vehicle 0.9648117 712.5424 180.77275 882.1431 268.5015
vehicle 0.91523784 830.51935 191.66156 1156.3031 359.4476
vehicle 0.9098682 3.6040077 208.42465 288.48517 371.7136
vehicle 0.89823323 249.82716 194.49428 440.47147 287.7927
vehicle 0.88642645 595.4228 178.79205 630.1538 192.58488
vehicle 0.8194454 490.1488 191.8952 531.1464 210.7945
vehicle 0.76209354 402.12555 194.17413 464.99103 221.98566
vehicle 0.754874 686.62585 180.22545 717.14667 200.7284
vehicle 0.7495143 538.19824 181.26894 566.82855 195.97763
vehicle 0.6461621 506.46497 186.34308 534.537 200.2931
vehicle 0.51390153 687.7988 190.39896 723.6182 218.53604
