vehicle 0.95174867 287.62033 173.61128 450.7664 264.86328
vehicle 0.90824234 794.9862 146.98924 1029.4796 315.46167
vehicle 0.8894875 713.4901 179.80095 785.88184 225.77257
vehicle 0.87185717 581.7505 182.15761 666.2774 226.69136
vehicle 0.8521956 71.411964 158.66699 224.20688 240.08334
vehicle 0.822088 449.43417 180.85724 522.03723 228.46283
vehicle 0.76130486 222.64809 172.76466 400.39978 269.16428
vehicle 0.68876576 534.09033 174.48166 576.89075 198.45393
vehicle 0.6359714 471.1817 175.08961 530.22046 205.20265
vehicle 0.5645693 673.32336 172.81984 714.95355 209.0213
vehicle 0.4922364 624.15405 166.43048 649.1695 178.0007
vehicle 0.4837384 551.18695 166.40256 583.6462 178.78896
vehicle 0.4759614 685.6295 166.89175 713.18396 177.03941
vehicle 0.44081002 719.8419 175.13925 774.79395 213.17372
