vehicle 0.9811327 17.528671 178.81294 370.4306 331.31732
vehicle 0.90706885 805.92096 196.44177 1029.0197 317.64114
vehicle 0.8513204 520.696 174.04854 573.9068 202.30997
vehicle 0.83685184 590.3181 178.78633 665.04346 226.48848
vehicle 0.6218167 612.6265 176.14214 657.5288 203.04506
vehicle 0.5538107 679.88745 173.1613 720.35864 203.26651
vehicle 0.54429376 351.96164 176.19258 489.68304 255.87148
vehicle 0.53065014 714.1209 176.52986 791.81903 240.08525
vehicle 0.5161855 625.0659 165.94849 652.9994 178.53395
vehicle 0.47180024 715.3011 175.44476 767.81866 210.17937
vehicle 0.45857245 493.11465 175.76971 538.542 199.67964
vehicle 0.45160082 751.67194 179.75764 848.5713 242.012
vehicle 0.45105532 489.65533 168.90915 525.063 180.55173
vehicle 0.4254015 550.2023 166.1544 584.0373 179.45766
vehicle 0.4021933 242.84631 176.58734 327.03693 193.67558
