vehicle 0.7754379 481.78998 191.9636 522.0163 211.74873
vehicle 0.7274746 403.22488 194.7745 455.9427 228.13104
vehicle 0.71841997 690.96826 185.66718 735.5419 217.61728
vehicle 0.698737 712.08295 183.86629 764.2205 219.26202
vehicle 0.644148 136.98677 194.57831 224.5294 231.02068
vehicle 0.6136004 303.6833 191.31131 392.8651 236.43233
vehicle 0.5576079 759.6085 183.38069 855.51794 240.65169
vehicle 0.5553682 553.03345 187.86252 579.13007 202.79013
vehicle 0.45862114 724.4959 178.55533 767.26764 210.71742
vehicle 0.45729458 609.76605 188.74924 672.6421 216.41283
vehicle 0.4509418 274.38565 191.90213 342.2997 232.07863
