vehicle 0.9350714 832.3934 176.74768 1232.9794 369.51614
vehicle 0.921062 261.9707 191.49522 534.0967 314.73914
vehicle 0.91489077 764.4797 159.04103 1089.668 287.38345
vehicle 0.8514789 159.24812 204.62386 198.4653 217.77516
vehicle 0.76217496 784.4534 158.92392 1198.8771 318.20435
vehicle 0.72699386 51.555145 211.78383 110.73903 229.57031
vehicle 0.55363786 208.99202 200.75557 240.97697 214.98799
vehicle 0.553316 746.7457 188.87607 898.59576 296.21866
vehicle 0.5515196 73.09232 207.66656 106.83275 218.83273
vehicle 0.45320544 948.97003 162.30257 1234.1359 218.91014
