vehicle 0.8952399 364.44147 184.4652 575.5184 294.7895
vehicle 0.8707913 4.8140206 196.33998 199.0523 261.1534
vehicle 0.8519588 671.50604 173.78339 702.522 195.92819
vehicle 0.8395053 1109.1139 154.54103 1192.6298 175.93831
vehicle 0.7786144 881.0269 164.22539 910.3172 173.94942
vehicle 0.77100766 935.32916 164.25691 968.1684 174.48233
vehicle 0.7395859 732.3204 172.13657 764.0904 193.70413
vehicle 0.7329045 1047.3479 159.87807 1098.7423 176.76353
vehicle 0.72547674 819.83887 163.69923 847.6921 173.7559
vehicle 0.6392405 277.61203 190.80667 323.95343 213.80661
vehicle 0.6378221 340.6346 187.93257 391.2443 216.8716
vehicle 0.6248185 1175.6564 152.87888 1237.5883 173.81882
vehicle 0.5909331 745.403 167.53415 768.38544 180.74365
vehicle 0.55023205 1031.9386 163.7108 1065.9542 174.19664
vehicle 0.45590985 688.0237 169.60976 710.7689 181.20262
vehicle 0.4118649 229.76816 193.61557 276.1453 218.68944
vehicle 0.40811405 411.11816 185.30962 441.4114 199.54187
