vehicle 0.94895 4.868025 184.03789 289.9741 341.93665
vehicle 0.9320229 895.71185 152.2306 1241.934 372.04297
vehicle 0.8239917 571.80884 184.10081 645.14856 223.13634
vehicle 0.8110326 251.94594 180.25598 416.3564 284.24893
vehicle 0.6358029 529.50104 176.88467 578.53253 208.53444
vehicle 0.61728686 390.87628 181.26091 473.71115 231.98473
vehicle 0.5998387 615.6447 180.8919 649.62024 195.97455
vehicle 0.59348786 469.8397 181.88997 524.3946 222.81465
person 0.55343443 728.6681 181.43097 766.365 233.65488
person 0.47275558 757.15283 176.71004 779.72516 202.37112
