vehicle 0.9490679 206.33318 187.14482 424.67422 276.48145
vehicle 0.9236121 72.76591 196.54298 349.37393 302.14536
vehicle 0.8017381 371.16922 180.12334 479.56274 229.42163
vehicle 0.74584395 620.13635 181.88173 654.1076 198.41957
vehicle 0.7128763 268.9872 186.54962 454.12137 257.26398
vehicle 0.6694851 454.40643 180.79756 531.6725 220.27847
vehicle 0.6622695 547.3524 178.95789 578.9907 194.68318
vehicle 0.6042408 713.6863 182.7986 927.04486 257.03067
vehicle 0.5808966 469.8531 178.87292 529.74066 210.25291
vehicle 0.5697596 1.8133674 210.85657 156.57993 338.1944
vehicle 0.51297843 675.3644 184.80173 709.2302 202.21623
