vehicle 0.82941425 0.0 84.56587 316.44968 329.0904
vehicle 0.7347189 495.6686 180.21219 518.35455 194.9765
vehicle 0.7162847 326.68994 185.78955 375.9903 219.30862
vehicle 0.711395 425.07257 180.18274 458.22177 203.26616
vehicle 0.68417424 791.62885 138.9405 1043.8806 285.47897
vehicle 0.49047926 701.3842 178.87239 779.85297 234.33363
vehicle 0.48975128 684.67737 177.18279 710.95215 201.09625
vehicle 0.48883522 0.0 59.020702 320.63483 327.83752
vehicle 0.41565788 629.3289 179.61224 657.0741 201.34856
vehicle 0.41555777 732.04694 174.97012 775.9806 209.73837
person 0.4092057 629.3289 179.61224 657.0741 201.34856
