vehicle 0.86326045 322.2709 175.99017 397.3481 207.86028
vehicle 0.6403373 421.07928 179.66307 450.62323 195.48578
person 0.6291501 679.9638 182.11649 709.1706 222.52663
vehicle 0.62728834 261.17175 181.94339 342.0097 220.63347
person 0.6107075 635.39825 178.04836 648.7005 192.75348
person 0.6101617 749.083 186.31139 865.9315 301.44016
vehicle 0.48071876 273.09604 178.49348 355.3903 210.06978
vehicle 0.4298831 492.71463 177.69038 511.53732 191.38603
person 0.4183705 569.7426 176.10965 586.16473 190.66159
person 0.41634932 686.34924 181.67297 705.018 197.05388
