vehicle 0.8711125 465.2815 174.91058 526.7255 204.49593
vehicle 0.86641234 307.9769 184.82217 398.1048 221.34229
vehicle 0.8465919 1107.6392 154.53113 1196.797 176.06406
vehicle 0.82420415 878.4434 163.92244 909.0876 173.66772
vehicle 0.79206705 681.4306 179.2814 720.4778 197.56807
vehicle 0.76593995 513.173 171.56036 567.0299 198.9409
vehicle 0.74206287 931.8428 164.40404 964.4975 174.44235
vehicle 0.7412194 4.7583137 197.10199 170.18382 262.71045
vehicle 0.73631555 815.38135 163.85512 843.39197 173.74484
vehicle 0.73342365 749.8613 170.1184 772.11017 180.35294
vehicle 0.7206563 1047.1416 159.34962 1098.5634 176.78032
vehicle 0.62717605 730.734 174.99547 759.9657 191.6823
vehicle 0.57872075 1174.602 152.84776 1235.6814 173.73132
vehicle 0.54591745 1031.2507 162.92926 1066.5715 174.69275
vehicle 0.49428892 684.37976 166.16151 717.78235 182.92715
