vehicle 0.96897227 6.8456345 188.94899 311.24902 324.53494
vehicle 0.8461866 614.1821 179.17888 659.5326 201.19699
vehicle 0.82574695 180.68315 181.14233 401.09555 269.86874
vehicle 0.812983 704.9482 176.23251 780.3128 208.74236
vehicle 0.8047928 473.20212 177.23058 535.0294 211.90428
vehicle 0.79252815 107.67363 187.91266 331.46646 296.61627
vehicle 0.7444901 354.34256 174.00833 478.63342 230.32193
vehicle 0.6989713 268.19122 178.938 423.0865 258.46027
vehicle 0.65147984 1.3677962 240.6101 184.16328 363.11673
vehicle 0.608261 133.22461 180.95743 342.5906 265.31058
vehicle 0.5784416 713.36536 181.14577 780.7197 222.02734
vehicle 0.57257545 556.3346 177.54294 587.3085 196.01662
vehicle 0.52483904 744.8377 181.8788 1029.7109 260.80606
vehicle 0.402471 741.3276 192.98466 912.36676 302.8379
