vehicle 0.95587933 1.590568 204.87173 378.90765 368.70825
vehicle 0.8934469 1000.65125 222.96648 1153.7318 324.4697
vehicle 0.8804369 875.64386 218.37616 1035.6893 321.79785
vehicle 0.8702055 319.27466 169.39209 507.75943 292.40228
vehicle 0.82295674 922.1436 219.91098 1080.9143 326.03107
vehicle 0.7974829 526.7609 189.89146 575.8189 219.836
vehicle 0.7485377 548.3841 182.13922 588.40533 197.67024
vehicle 0.72114164 807.2301 200.86957 934.3633 296.65662
vehicle 0.66505516 646.4861 185.12476 711.607 222.92407
vehicle 0.61950153 774.87585 200.4853 897.0527 292.25308
vehicle 0.6062115 655.3322 180.37775 704.51483 197.29239
vehicle 0.5960738 617.7325 179.52956 647.0034 195.9557
vehicle 0.46413526 779.32184 203.87915 852.98315 253.78741
