vehicle 0.8735261 747.17285 230.42169 887.6485 357.32812
person 0.61339 490.50214 185.49323 514.6635 227.53651
person 0.57112783 497.14627 177.24365 519.1716 202.8434
person 0.5586752 561.37177 176.72726 581.7685 201.27798
person 0.5163663 675.6324 186.3137 704.2983 229.50723
person 0.500545 797.2835 157.13557 843.61066 230.92099
vehicle 0.4960623 16.409262 250.5738 162.92867 355.4816
person 0.4665192 359.30212 204.5754 389.1178 260.4742
person 0.46555746 563.92535 185.0163 584.46936 221.64708
person 0.4541438 287.22845 207.52673 321.7671 254.63206
person 0.4500501 425.26227 184.60074 454.3787 232.73897
person 0.44387692 360.50363 194.74371 386.60733 224.86266
person 0.42229176 594.476 215.35896 633.7573 278.84467
