vehicle 0.9454066 76.59263 213.60237 241.42453 329.64426
vehicle 0.9212142 629.87305 193.08461 821.4883 299.20758
vehicle 0.8870509 522.99396 193.95612 579.0777 221.8426
vehicle 0.8405829 349.41858 192.68169 400.6454 216.26775
vehicle 0.79495305 488.44647 187.88147 513.1296 196.52628
vehicle 0.7615661 433.35336 188.35402 454.61877 197.54027
vehicle 0.74953717 863.9634 119.90548 1232.5723 370.3366
vehicle 0.50636977 1.986845 234.79608 117.05568 372.21112
vehicle 0.44963816 358.2064 186.48112 387.0314 196.91223
vehicle 0.40842807 504.28445 193.61346 538.75354 210.51747
