vehicle 0.88107353 493.82056 179.48532 523.7321 192.5419
vehicle 0.86021256 546.7758 178.30165 573.1188 192.26073
vehicle 0.8589524 92.59889 183.01012 255.73369 260.18875
vehicle 0.82385105 659.5259 175.73471 709.141 208.56897
vehicle 0.8176491 739.3556 172.37894 902.90704 255.51234
vehicle 0.8064961 609.81805 178.93135 643.79456 198.61188
vehicle 0.62802744 712.09033 176.52562 774.29944 205.05515
vehicle 0.51758176 4.833703 195.68542 113.623566 287.0205
person 0.45892632 95.95672 178.68748 122.47425 193.33246
vehicle 0.43714982 585.0092 184.4069 647.72296 213.78351
