vehicle 0.9510335 779.033 200.27513 1044.0693 337.96545
vehicle 0.84743726 628.31274 186.79726 649.02264 196.71928
vehicle 0.77315253 685.85144 187.22833 711.0431 198.44583
vehicle 0.74645174 468.26093 192.69727 534.6922 234.35394
vehicle 0.7401353 538.8899 193.5963 568.9211 214.58844
vehicle 0.62078774 561.2244 187.99846 579.7763 196.75056
vehicle 0.54542947 687.94824 192.10066 729.51196 209.16202
vehicle 0.5343127 1062.072 183.99258 1242.0 263.55948
vehicle 0.47675645 459.06656 199.97835 522.32965 238.94995
vehicle 0.46091396 743.3142 195.64801 879.1883 278.49603
