vehicle 0.8677854 671.5201 173.95824 703.45605 198.92653
vehicle 0.86719644 633.08276 175.9137 671.3842 202.97054
vehicle 0.843602 1106.9288 154.28056 1198.0958 176.2086
vehicle 0.8223965 878.4858 163.77464 909.12537 173.9258
vehicle 0.78984547 816.55975 162.8578 844.7529 173.80807
vehicle 0.6964571 932.5297 164.41348 965.67737 174.87985
vehicle 0.68860185 1047.6029 159.75488 1098.9509 176.67876
vehicle 0.6601688 720.4449 171.82307 752.50757 195.12677
vehicle 0.63024426 737.2656 166.66602 761.47266 180.31964
vehicle 0.6080063 1172.0615 152.82588 1237.6023 173.59448
vehicle 0.6002632 690.7415 166.5021 716.5601 179.20596
vehicle 0.59912056 159.23079 189.23479 321.2229 241.6898
vehicle 0.5684031 5.2091594 289.72226 141.73691 373.92395
vehicle 0.50293887 1032.047 162.92543 1067.4639 174.49174
vehicle 0.47692224 404.8067 139.43379 575.0294 238.32652
