vehicle 0.8509984 1107.7623 154.54321 1195.8162 176.1212
vehicle 0.8300407 84.493706 153.5381 467.89905 359.0941
vehicle 0.8282148 519.77826 175.96713 558.60706 193.45207
vehicle 0.818042 878.46674 163.4891 908.8848 173.6446
vehicle 0.8017899 477.72714 178.27158 521.3142 200.83002
vehicle 0.7590919 812.30396 163.54669 840.47363 173.65756
vehicle 0.7469112 676.27936 171.00745 729.17664 205.55846
vehicle 0.72811645 932.2088 164.14471 966.1963 174.55922
vehicle 0.6685513 1049.4316 159.73778 1100.0247 176.35919
vehicle 0.6358433 687.1571 165.41116 718.5125 178.15
vehicle 0.6095744 1176.3135 153.0159 1236.8683 173.84216
vehicle 0.60676163 769.03076 168.37071 788.1045 179.48543
vehicle 0.52966183 1030.756 162.77457 1067.4209 174.5329
