vehicle 0.92103386 467.2183 174.1699 510.58807 197.5311
vehicle 0.90531653 891.7333 173.2023 1233.1154 359.3661
vehicle 0.7904391 806.16583 173.0303 947.50183 274.55704
vehicle 0.776878 612.66113 174.04114 659.4118 198.0481
vehicle 0.7228732 414.85547 177.4569 450.24057 204.12244
vehicle 0.6314572 259.56064 185.15646 349.10837 222.12692
vehicle 0.5965433 676.3189 162.60498 833.82367 238.03268
person 0.5738995 78.00647 169.75343 104.20003 204.6601
vehicle 0.52886593 346.6365 176.52934 400.1784 212.38896
vehicle 0.41197973 623.89526 168.36528 648.4208 181.42178
