vehicle 0.85673624 549.08813 184.01247 574.6409 199.39532
vehicle 0.83817905 119.89756 185.52759 205.51521 215.0806
vehicle 0.8137024 508.34903 186.94148 534.4488 198.63087
vehicle 0.6309965 42.83901 181.09058 143.05853 221.19943
vehicle 0.6132461 205.07524 186.43903 258.51404 210.16417
vehicle 0.6070658 602.8031 181.54039 627.2076 198.335
vehicle 0.59825677 212.88033 184.81097 268.65826 206.9678
vehicle 0.58896 385.12723 189.8145 461.3521 238.5915
vehicle 0.5565714 535.2079 186.66165 572.9014 214.99405
vehicle 0.5387276 11.413347 69.46594 62.909336 126.80113
person 0.5273159 1061.275 189.81624 1097.4056 229.9859
vehicle 0.50641334 367.30228 196.22589 465.98734 254.68594
vehicle 0.49257794 578.41766 185.5611 625.2197 217.55243
person 0.40077367 1017.3394 189.9977 1045.9174 229.96194
