vehicle 0.92093223 917.7746 177.63919 1240.2427 344.9085
vehicle 0.8344896 541.4419 177.13226 569.26996 190.86441
vehicle 0.6333029 402.33688 180.34505 467.24127 205.7604
vehicle 0.6232263 671.5136 174.81311 727.022 201.6187
vehicle 0.5939566 602.7307 176.06613 643.0257 196.94373
vehicle 0.53840953 664.19354 174.1123 848.3884 242.30547
vehicle 0.5318484 495.44754 178.14368 522.0841 192.08322
vehicle 0.46001545 400.59943 184.81741 470.5763 213.15834
vehicle 0.4295919 695.52527 166.34224 720.8458 176.16121
vehicle 0.41156828 774.969 176.71597 835.90137 202.16559
