vehicle 0.8927567 511.94138 173.67111 738.3013 369.51886
vehicle 0.8640896 419.69412 184.129 454.2615 200.21689
vehicle 0.74033403 350.36176 186.02115 386.81946 202.19139
vehicle 0.7169244 932.00256 84.13809 968.07263 132.98114
vehicle 0.62233925 1153.5392 167.3798 1240.1324 210.16542
vehicle 0.6172926 777.1926 173.88788 1008.67096 236.55608
vehicle 0.5985462 485.51218 96.03713 512.9919 120.86909
vehicle 0.5902386 2.1121483 196.56998 101.9816 251.10997
vehicle 0.49862266 17.148224 197.2297 136.48738 244.35457
vehicle 0.48277503 489.16284 183.01985 511.2599 194.99155
vehicle 0.4015319 957.14453 177.84172 1077.4495 221.11295
