vehicle 0.90248793 923.40454 235.4655 1233.8104 373.4289
vehicle 0.87225765 41.12475 181.33072 344.1391 293.69525
vehicle 0.7745506 438.46487 171.0713 525.10046 205.8095
vehicle 0.76904005 658.75433 174.07033 716.17596 212.6003
vehicle 0.7185003 168.39014 177.18294 376.47403 278.0772
vehicle 0.6902476 355.68417 174.116 502.80246 228.3808
vehicle 0.66015303 12.917806 192.11725 293.00217 338.8509
vehicle 0.586728 613.9591 173.8054 648.2695 190.96939
vehicle 0.54997724 83.501495 177.63864 355.59186 255.54791
vehicle 0.5133504 528.9576 173.29936 573.67035 192.81757
vehicle 0.44412312 234.55055 164.751 376.46155 215.80113
vehicle 0.4260818 4.959941 203.79681 212.78406 364.6892
