vehicle 0.97285676 84.27655 201.76175 314.7495 313.14554
vehicle 0.9316012 980.44946 159.21014 1235.0071 266.79715
vehicle 0.8451836 324.46283 207.231 417.65924 255.02014
vehicle 0.8123908 923.00977 143.03062 1171.0293 239.3209
vehicle 0.6935681 466.23026 187.50938 515.6871 215.99968
vehicle 0.682548 608.91614 177.46724 648.7642 194.65227
vehicle 0.6493753 816.9226 157.63382 983.7213 228.00127
vehicle 0.624315 496.7632 179.88419 533.6845 205.55583
vehicle 0.60271335 547.20776 175.31012 574.2508 194.35722
vehicle 0.5361183 846.7725 153.0163 1027.335 233.96292
