vehicle 0.9758153 3.823772 176.3851 289.88757 370.60742
vehicle 0.963461 845.4914 198.72388 1127.7189 352.86575
vehicle 0.815003 324.49933 175.83195 491.94568 258.50638
vehicle 0.80941004 751.32965 173.26 897.78156 257.16122
vehicle 0.8042157 530.3674 175.00342 569.45355 199.63744
vehicle 0.7889601 486.8212 177.26416 538.86615 203.92612
vehicle 0.772795 590.17444 180.35736 666.9109 225.4213
vehicle 0.6877245 615.47546 176.25426 655.99243 198.23462
vehicle 0.65292925 679.6524 175.11734 712.39307 199.79414
vehicle 0.6055157 717.83344 176.02536 767.45386 204.77705
vehicle 0.4532932 488.61218 169.41422 519.74176 178.93492
vehicle 0.44914204 559.2741 166.68703 585.19196 177.59525
vehicle 0.43972355 626.73944 167.11609 649.33936 178.14021
vehicle 0.4382075 482.7164 179.25589 544.98486 222.50056
