vehicle 0.90174526 380.467 184.65811 456.44382 225.87526
vehicle 0.90129834 912.5377 181.1151 1235.2808 360.6792
vehicle 0.8307724 482.5033 177.88388 511.68213 193.71078
vehicle 0.7946411 666.78845 175.29556 714.83386 205.73203
vehicle 0.77026814 542.108 177.1739 567.2648 192.18164
vehicle 0.6064535 720.67267 174.2281 800.25854 208.11436
vehicle 0.52170837 793.0528 165.26529 984.0884 274.3062
vehicle 0.49414235 611.49603 177.46397 639.8581 195.67448
vehicle 0.4592095 424.55026 179.89977 464.69348 196.37349
vehicle 0.41460073 720.22253 177.12871 806.1296 232.6199
