vehicle 0.9185235 3.20241 185.70111 280.56506 333.50217
vehicle 0.86313325 616.655 180.29677 655.5873 195.15419
vehicle 0.8127076 531.4614 178.0698 569.09894 195.89438
vehicle 0.66386884 692.7496 162.63678 788.6557 204.22559
vehicle 0.6560697 418.49902 188.72678 472.6598 232.47942
vehicle 0.58417207 497.7371 180.22266 543.87305 207.38959
vehicle 0.5805024 474.52502 185.10222 534.0968 216.83731
vehicle 0.5117762 1102.9128 155.51299 1201.6782 186.31947
vehicle 0.46061972 706.58154 160.4409 788.01666 186.66667
vehicle 0.4555121 252.67487 185.35422 373.78345 263.99628
