vehicle 0.87884426 244.3168 192.43759 357.75177 232.5341
vehicle 0.85178035 1108.3077 154.5983 1197.5127 176.21819
vehicle 0.84200805 457.13858 177.82146 524.0834 206.25644
vehicle 0.80356133 880.68695 164.13899 909.5901 173.87123
vehicle 0.7526767 934.2377 164.98076 966.61707 174.96407
vehicle 0.7107376 1047.6924 159.74255 1097.3783 176.55054
vehicle 0.6972752 816.4391 163.6304 843.0584 173.1527
vehicle 0.60542697 1175.7853 153.07845 1235.6675 173.56773
vehicle 0.58103967 751.52264 169.744 769.4329 180.21243
vehicle 0.55341434 1031.0226 162.91913 1065.7428 174.20808
vehicle 0.49167633 698.0569 177.16238 723.5337 193.3554
vehicle 0.46980995 515.8712 174.63289 562.15234 198.05626
