person 0.7703434 621.45856 177.6611 648.2708 231.94382
vehicle 0.7680488 829.0883 261.91306 1059.646 372.51205
person 0.73779154 916.58185 141.9478 1006.10724 285.78156
person 0.7028405 559.2306 174.27444 587.26324 228.2158
person 0.61957747 476.40347 173.92368 505.69485 229.33917
person 0.58506167 299.3885 163.6426 393.2359 325.75757
person 0.48137897 626.3624 174.80226 648.0623 201.98332
person 0.47136667 671.0088 180.97345 702.37994 235.42882
person 0.44295016 562.79694 175.54584 583.7326 197.71948
person 0.40693623 216.58081 214.60829 252.15823 242.43124
