vehicle 0.9295871 0.0 200.74985 249.5098 368.80194
vehicle 0.8153478 582.49164 188.17218 637.0224 218.9272
vehicle 0.74613476 539.1503 177.02629 583.1744 205.28966
person 0.71245277 850.96295 166.04407 915.9065 227.44403
vehicle 0.6933747 171.89403 190.06026 263.0871 220.01213
vehicle 0.5782441 330.5617 147.81163 507.83212 239.3391
vehicle 0.49659783 620.8348 182.0314 649.044 195.84778
vehicle 0.46088427 291.1854 168.66374 475.5646 247.80103
vehicle 0.45898047 330.5617 147.81163 507.83212 239.3391
vehicle 0.42314205 669.63416 183.68245 695.6984 199.92828
