vehicle 0.9723297 9.260089 181.77835 313.77444 308.8033
vehicle 0.8670037 466.89575 174.87965 526.9495 200.43933
vehicle 0.8318795 617.8951 177.09445 650.4501 192.41707
vehicle 0.76507384 764.89734 183.77438 872.5426 236.54585
vehicle 0.75094014 204.35637 177.42567 371.93634 259.58807
vehicle 0.73311275 114.26479 178.30637 342.46982 278.21155
vehicle 0.7323715 237.18304 175.73521 481.33044 238.00188
vehicle 0.70146215 552.19025 175.58447 585.6797 192.05966
vehicle 0.69693196 666.50397 177.89847 698.9415 194.59923
vehicle 0.43089953 678.92285 181.62924 799.5249 257.731
