vehicle 0.9537281 776.9928 204.37086 1098.2067 370.37646
vehicle 0.87549126 624.0021 179.26555 662.4785 200.19644
vehicle 0.8731598 353.0531 177.97867 484.17227 231.11479
vehicle 0.8229718 1.5580137 203.02551 223.31035 329.25766
vehicle 0.81778806 193.40538 182.37569 363.9507 283.9586
vehicle 0.7145511 534.1362 179.64597 571.1476 197.54199
vehicle 0.6503046 389.30606 177.09776 482.4593 206.88652
vehicle 0.62261087 491.76147 179.28471 531.575 203.403
vehicle 0.4549077 680.56696 184.08893 829.5936 254.73773
vehicle 0.44360453 657.0498 187.55223 710.8357 230.46928
