vehicle 0.948789 46.44511 213.59605 444.96515 373.03622
vehicle 0.7803911 387.03226 185.77899 472.21613 221.90276
vehicle 0.7533048 541.73224 187.91902 597.5116 216.81706
vehicle 0.7532168 478.4542 179.82846 527.3721 200.6157
vehicle 0.66252595 665.8375 189.79239 726.09827 234.05931
vehicle 0.6536882 622.90247 190.83832 662.7351 217.40895
vehicle 0.6496221 557.5262 182.11275 588.9447 196.49155
vehicle 0.59833974 260.2457 189.09476 331.0014 212.62703
vehicle 0.5214144 267.79 186.158 331.94882 205.07602
vehicle 0.4493543 621.4451 184.28227 649.198 199.057
