vehicle 0.9100928 3.8820422 177.59581 148.77234 270.81424
vehicle 0.8858242 738.1687 168.30736 900.65015 248.62016
vehicle 0.69400674 488.9901 177.53351 515.6815 193.77396
vehicle 0.69376546 895.3384 116.020874 1233.3278 341.71634
vehicle 0.64066684 423.17828 177.578 459.41724 202.30908
vehicle 0.5728546 552.39777 177.50302 574.67566 191.92589
vehicle 0.52613705 355.6724 177.09282 394.94537 205.71391
vehicle 0.498502 692.6997 172.5715 722.30927 202.3566
vehicle 0.46883926 268.20706 181.22456 350.40842 224.77817
vehicle 0.4427951 736.4031 174.87918 769.1384 197.71915
person 0.4422092 692.6997 172.5715 722.30927 202.3566
