vehicle 0.9568739 818.0959 210.23865 1240.9885 370.21732
vehicle 0.9078144 221.5329 177.68794 393.17645 256.23242
vehicle 0.77535677 595.23975 178.80444 638.8477 203.45132
vehicle 0.6750672 669.6988 177.2911 705.6545 201.58858
person 0.66721874 901.60406 164.39244 954.1913 209.73187
vehicle 0.629843 1.7524878 182.23268 170.40332 345.69177
vehicle 0.59527737 541.19415 178.00609 582.8311 201.41496
vehicle 0.4867724 426.7709 195.64824 544.12256 258.16162
vehicle 0.45561895 480.05273 177.60521 523.2265 198.35117
person 0.43498403 355.50342 173.74327 388.05634 199.66286
vehicle 0.41623148 926.76117 26.22113 980.195 73.9718
vehicle 0.41273388 50.673843 182.31956 157.0076 227.53856
