vehicle 0.9322254 702.0574 191.41382 926.2305 302.37335
vehicle 0.839744 457.84296 174.62585 527.63873 209.66417
vehicle 0.81458044 548.6018 176.63304 582.77405 193.46043
vehicle 0.750203 3.738907 216.39882 226.72906 333.97897
vehicle 0.73078424 675.79645 179.84752 712.4149 198.69939
vehicle 0.6932143 620.27344 176.35153 651.2604 192.72054
vehicle 0.67267746 82.41262 127.1167 428.9585 263.0443
vehicle 0.59898674 724.74457 178.09808 777.6297 198.58015
vehicle 0.59769624 198.90266 171.67038 418.84015 264.9827
vehicle 0.5197726 794.3606 180.86777 1026.4296 241.70166
vehicle 0.5070015 43.00069 176.78438 239.12152 268.0824
vehicle 0.42976737 782.85974 181.56433 994.39307 270.98877
vehicle 0.42717507 684.55005 181.87613 858.9571 287.67502
