vehicle 0.86295754 1113.1554 155.6774 1191.0985 175.77179
vehicle 0.8268778 187.93695 190.38438 278.5122 232.60454
vehicle 0.7823013 879.5122 164.48993 908.6725 174.12888
vehicle 0.7751679 365.95114 170.87828 518.7196 246.93652
vehicle 0.713632 1050.096 159.69154 1100.3444 176.50113
vehicle 0.70290464 1181.2378 154.52956 1235.7637 173.24799
vehicle 0.6751099 939.3355 165.5389 972.3794 175.36098
vehicle 0.671541 818.7049 163.97472 845.2136 173.75787
vehicle 0.6125389 671.50073 172.92877 703.2446 196.53055
vehicle 0.51751333 1030.9482 163.90846 1066.8789 174.97003
vehicle 0.40803528 755.9481 166.933 777.7193 180.46333
