vehicle 0.8973978 531.2417 176.78168 578.6376 193.39583
vehicle 0.8537044 291.15857 34.144814 319.0332 70.57153
vehicle 0.8011032 235.0672 37.789257 259.72073 67.90399
vehicle 0.7285943 736.582 175.68436 771.693 190.62779
vehicle 0.63740396 745.5007 171.7517 777.627 181.70905
vehicle 0.61436075 264.1746 178.0769 335.40488 196.06946
vehicle 0.58325464 429.4667 177.71455 459.26352 190.17021
vehicle 0.54608434 355.0869 180.82352 389.90176 191.11197
vehicle 0.49985442 503.32486 180.0598 529.4668 194.07881
vehicle 0.47838122 789.70807 171.30247 825.91833 182.9894
vehicle 0.46577373 689.8581 174.26125 714.923 182.87285
vehicle 0.4584489 204.67342 179.61972 244.00671 195.34698
vehicle 0.44040957 695.3303 175.98793 718.99725 188.36652
vehicle 0.42694092 1008.7238 166.925 1045.2808 177.34756
vehicle 0.4164316 888.7134 170.11908 914.4925 179.10648
