vehicle 0.93331105 279.73648 174.20067 456.81216 262.5889
vehicle 0.88689756 581.03796 181.83865 666.9992 228.2514
vehicle 0.86776567 451.1599 180.8767 526.6773 226.07689
vehicle 0.8226602 706.9591 180.44394 769.7836 224.78157
vehicle 0.69779927 540.2323 174.57944 577.8255 197.9085
vehicle 0.6759087 770.89075 153.50665 975.18805 299.63217
vehicle 0.64067936 484.5021 176.38715 532.99335 200.40114
vehicle 0.63372684 180.13191 158.52995 260.18713 218.93991
vehicle 0.5294627 624.79504 167.10278 646.99115 178.38809
vehicle 0.50893617 687.36536 166.57013 713.5337 178.34433
vehicle 0.4821217 675.0559 174.58504 717.5374 209.94157
vehicle 0.47596344 715.9201 172.92004 766.461 215.40955
vehicle 0.46540374 257.55875 170.40604 328.2045 204.57022
vehicle 0.44674483 553.66797 166.396 580.41754 178.00903
vehicle 0.41807693 604.6929 177.04973 647.7822 199.77878
