vehicle 0.8578612 1108.635 154.7476 1194.2705 176.1253
vehicle 0.83911353 484.38773 180.24727 524.11017 200.73965
vehicle 0.7809223 880.22064 164.46272 910.46783 173.99687
vehicle 0.7037633 931.084 164.73112 965.26654 174.92448
vehicle 0.69198126 1048.8905 159.88885 1098.2579 176.75333
vehicle 0.67538506 815.68134 163.99394 843.791 173.81367
vehicle 0.61954534 1177.7225 153.20522 1236.2958 173.463
vehicle 0.6003495 761.01746 172.76245 775.80115 181.90926
vehicle 0.600131 371.56107 185.52441 439.18933 213.73692
vehicle 0.5468884 687.6488 174.43884 703.1976 186.83493
vehicle 0.54421276 694.94604 173.75153 710.65735 182.97426
vehicle 0.5001109 1031.867 162.72856 1067.0972 174.72362
vehicle 0.4849411 334.3277 182.78697 379.86795 203.72522
person 0.45399338 687.6488 174.43884 703.1976 186.83493
vehicle 0.44274828 612.65607 173.23865 659.7688 199.43317
vehicle 0.42205355 388.5725 182.28938 441.7398 206.7434
