vehicle 0.8855129 873.40607 219.46965 1041.6893 329.96088
vehicle 0.86104184 4.7586284 222.98996 215.68391 368.9403
vehicle 0.7881976 461.78885 181.91527 531.2069 227.974
vehicle 0.78357023 334.6836 201.65186 481.1152 291.13556
vehicle 0.77511644 187.86194 202.65251 351.4611 302.33972
vehicle 0.7543408 726.753 200.82156 790.54376 252.65324
vehicle 0.7062614 657.5237 197.41173 719.2462 251.87648
vehicle 0.6966269 807.08936 214.63939 944.3783 323.31903
vehicle 0.5691052 547.5287 183.92955 579.4237 199.17952
vehicle 0.5034965 602.37933 184.94597 635.7856 200.54732
vehicle 0.48748735 466.837 202.34189 531.19574 248.35406
vehicle 0.47138005 538.44543 190.5527 572.06287 214.95415
vehicle 0.43927777 653.3973 190.68169 715.9227 223.39699
vehicle 0.435782 782.4827 208.56885 896.315 311.9101
