vehicle 0.9254713 50.265152 191.58794 246.16757 265.8168
vehicle 0.6225458 348.14688 177.55298 397.32172 209.84723
vehicle 0.5834673 489.44757 178.73268 516.79456 195.9922
vehicle 0.57999676 256.12854 175.75531 320.23846 212.35901
vehicle 0.5575458 414.2983 179.54692 451.57034 205.07443
vehicle 0.51343 1064.6151 173.79886 1242.0 370.5777
person 0.50803894 729.4181 167.44934 771.938 215.15994
vehicle 0.42876646 548.5304 177.59854 757.4736 342.56293
vehicle 0.40133923 555.9104 177.6111 572.0014 190.76883
person 0.40059727 748.17505 163.05418 766.5758 177.59833
