vehicle 0.91908336 6.7854767 196.44441 209.06871 293.5824
vehicle 0.8194939 370.92734 187.73004 461.11963 235.08623
vehicle 0.77513987 652.5835 174.93599 701.9395 197.8092
vehicle 0.7164386 251.5817 200.68205 330.9266 243.6416
vehicle 0.68832326 195.86198 202.43318 281.75827 250.28325
vehicle 0.56136894 627.37714 177.18254 659.661 196.26003
vehicle 0.55876213 467.98767 183.78049 508.92926 197.54037
vehicle 0.45342228 558.8354 179.312 586.7052 194.65985
vehicle 0.41106787 258.83286 193.46483 331.6878 232.01256
vehicle 0.40270385 948.9502 154.23851 979.83746 174.06781
