vehicle 0.8689689 307.2037 184.4046 393.3706 220.58424
vehicle 0.86189175 1109.0725 154.2983 1195.5883 176.20753
vehicle 0.8410571 479.2065 178.40997 524.5018 202.4266
vehicle 0.81976974 527.4896 176.50752 562.93713 194.80397
vehicle 0.7743467 880.7042 163.77237 910.99896 173.81906
vehicle 0.7280345 931.6172 164.65874 967.23724 175.01085
vehicle 0.7277771 812.27954 163.53033 843.3948 174.082
vehicle 0.65770835 1051.0253 160.32512 1096.0558 176.55327
vehicle 0.5974935 649.6016 169.36304 711.30994 216.94162
vehicle 0.59162724 1024.789 162.90022 1059.5449 173.91708
vehicle 0.5880437 1176.3671 152.93423 1236.1292 173.67459
vehicle 0.43876562 758.23535 171.47716 775.3224 182.6625
vehicle 0.4023538 684.42285 170.48007 713.98114 182.75084
