person 0.79147696 343.695 178.14119 382.35855 242.45895
person 0.6388268 67.52288 198.32567 119.07643 257.06335
person 0.6175281 215.63005 176.65327 252.46986 239.86768
person 0.5532756 289.8284 174.66632 327.4193 242.78831
vehicle 0.48452654 550.8485 117.518555 570.6682 140.48026
person 0.4651994 76.85702 196.3057 115.34614 227.01167
person 0.44380975 357.22012 179.65913 377.57483 201.78178
person 0.44309065 938.05853 164.68105 1012.467 295.69482
person 0.43924978 5.1502104 198.44084 41.140938 258.5788
person 0.43182844 972.62805 163.93594 1045.8082 287.16965
person 0.42129108 171.77321 184.36577 205.09938 235.74786
person 0.42093483 297.56244 174.35335 326.6285 215.88634
person 0.40505642 738.0537 177.7382 765.53503 207.28305
