vehicle 0.9240295 930.672 185.76453 1238.2527 319.50143
vehicle 0.91505235 236.9737 175.20172 441.59982 256.11365
vehicle 0.9023646 425.40607 187.04956 521.85443 219.78629
vehicle 0.87418175 820.38525 188.91223 973.91614 273.84845
vehicle 0.86426795 717.6278 188.77776 813.02936 234.29672
vehicle 0.8170994 15.173033 194.55278 310.51532 308.50793
vehicle 0.7834856 556.07886 181.43231 585.54877 195.79688
vehicle 0.76395404 866.2825 194.71492 1015.40656 290.26477
vehicle 0.71503913 611.7706 180.92319 644.55927 199.05826
vehicle 0.6011329 184.55518 190.146 391.2245 284.69614
vehicle 0.47867605 619.5619 187.16058 664.07983 214.22841
vehicle 0.44092464 940.5726 238.48674 1237.3457 373.92038
