vehicle 0.9261105 152.52762 197.53233 324.2985 289.26898
vehicle 0.85967004 652.02515 186.30965 745.67816 237.95728
vehicle 0.8469885 375.66095 181.71185 491.79916 234.76683
vehicle 0.77528846 725.7628 193.58234 898.02234 296.66132
vehicle 0.7682035 618.59393 178.49306 651.2859 199.10997
vehicle 0.74154764 1.7536815 198.18254 211.17955 348.90463
vehicle 0.70985043 481.78082 178.39346 524.98456 199.75436
vehicle 0.64628863 185.58449 195.75974 354.28198 276.15524
vehicle 0.61716104 537.70605 178.4779 570.6998 194.63466
vehicle 0.5503606 270.08136 182.18147 417.12665 257.54886
