vehicle 0.84434813 8.858001 191.74084 214.00406 325.8706
vehicle 0.8128351 237.71883 198.03894 495.63287 350.32385
vehicle 0.8112613 649.86414 180.84521 706.23987 221.11635
vehicle 0.77885276 596.5303 178.61122 637.37994 204.53885
vehicle 0.7759478 547.2007 179.10455 585.80414 203.21577
vehicle 0.6404021 329.1541 178.35469 397.46124 200.87666
vehicle 0.54478353 398.8812 176.7695 462.60754 200.05449
vehicle 0.52868617 456.68604 181.3071 528.70624 222.18137
vehicle 0.5219822 191.8031 180.11076 269.8064 206.40396
vehicle 0.43924648 661.2723 178.76094 703.12305 207.70891
vehicle 0.43874216 540.8333 181.81667 592.4812 215.8657
