vehicle 0.7372268 1156.6599 179.12245 1225.8285 196.53589
vehicle 0.70619357 741.35913 184.36906 768.45917 195.9672
vehicle 0.67543143 1130.4006 179.19273 1193.8706 198.38362
vehicle 0.6665911 875.42395 184.66086 905.47736 192.5015
vehicle 0.65290755 1007.00244 184.05724 1040.2847 196.36812
vehicle 0.62022394 815.0079 181.33826 846.3554 191.6918
vehicle 0.5810785 679.3679 183.04317 708.72 202.08342
vehicle 0.57110363 617.25946 184.02849 648.45776 198.70549
vehicle 0.5632436 961.6645 186.41109 987.39 196.77237
vehicle 0.4696587 607.9013 187.88536 652.4903 217.82915
