person 0.78418446 739.0881 184.49255 768.81683 232.20932
person 0.6679699 682.6665 179.36171 715.7629 247.73322
person 0.6620526 423.5654 181.45415 452.8843 235.38596
person 0.62274206 617.36176 180.96574 649.3626 232.96625
person 0.554011 482.27756 176.76085 517.39905 224.49054
person 0.5059453 619.4351 178.53769 640.8115 198.30414
vehicle 0.47413644 556.8407 178.92741 585.7191 200.23932
person 0.4663953 18.83799 265.0076 183.40376 371.2733
vehicle 0.43966833 909.88464 268.5022 1094.6888 373.25848
person 0.41490993 29.617239 159.10501 1019.65735 358.8027
