vehicle 0.9481673 806.1609 196.47156 1153.278 361.53458
vehicle 0.94320077 6.3866363 203.31229 299.28708 367.131
vehicle 0.9267539 273.60382 196.07181 420.41544 283.2063
vehicle 0.9000572 730.76544 183.35985 879.0919 274.64893
vehicle 0.8846364 471.66928 187.9692 529.09 215.76479
vehicle 0.82456654 624.5818 180.40059 651.47327 193.61368
vehicle 0.7678395 715.22144 185.79128 781.6008 232.46176
vehicle 0.7475686 679.5014 182.09904 707.0769 198.23364
vehicle 0.52671105 694.2703 188.0371 732.48615 218.37015
vehicle 0.40762538 546.59235 181.6132 565.0949 192.71976
