vehicle 0.9428831 738.34265 165.68016 1070.992 346.1787
vehicle 0.93287057 46.51416 189.02191 256.2857 305.5177
vehicle 0.9250388 161.71931 160.98405 404.24402 266.46295
vehicle 0.80871785 387.98474 167.76039 481.5995 213.23233
vehicle 0.79112244 466.5093 168.20985 526.92645 201.05045
vehicle 0.7602419 143.74155 174.44789 341.86105 278.05237
vehicle 0.69422895 662.49445 176.225 706.57806 202.73448
vehicle 0.67057556 246.74045 159.54703 421.51202 255.52232
vehicle 0.5536626 632.14056 173.49617 667.251 196.03658
vehicle 0.55175924 550.3485 166.85985 582.76874 180.88243
vehicle 0.44382712 0.0 190.50282 228.19623 348.0864
vehicle 0.4221147 673.3229 187.40639 720.90485 226.61272
