vehicle 0.9400316 751.514 162.22638 991.9704 247.2322
vehicle 0.9165169 1089.5647 151.01945 1212.8544 185.63841
vehicle 0.861526 532.4483 179.22668 566.99335 201.79497
vehicle 0.79241526 460.71085 180.60844 528.488 223.9943
vehicle 0.78254706 612.1858 178.0882 647.4391 198.73486
vehicle 0.7602349 633.75934 174.37662 688.682 198.72963
vehicle 0.5305466 998.2122 156.06625 1045.232 183.03156
vehicle 0.52776366 412.66354 185.5784 482.7432 229.02339
vehicle 0.49066707 1045.8391 154.37956 1104.4146 183.34344
vehicle 0.48266158 946.2853 156.8563 979.662 174.82991
vehicle 0.41196275 691.9951 90.76916 903.75793 194.20168
