vehicle 0.9250387 338.2331 196.72249 499.15793 313.63123
vehicle 0.8733234 2.665302 225.39903 396.6556 371.127
vehicle 0.84490085 985.8738 164.01195 1071.8229 200.38979
vehicle 0.8145806 742.6294 166.19955 893.119 212.74265
vehicle 0.79678994 1094.131 169.78828 1207.3712 217.41602
vehicle 0.7010564 1185.9619 159.03247 1239.8335 186.45584
vehicle 0.59118855 643.8637 168.20433 697.65643 184.24258
vehicle 0.5889324 790.906 178.74391 970.6088 314.52554
vehicle 0.48536894 637.95886 170.72374 702.2354 190.25996
person 0.4255317 243.33887 195.45921 264.2007 218.28249
vehicle 0.4021512 470.1146 182.98767 557.9597 242.2277
