vehicle 0.9309779 131.20549 194.34688 333.8933 306.10214
vehicle 0.81276697 442.133 184.76471 518.1558 219.42657
vehicle 0.7903792 987.88654 197.84042 1228.7202 325.6126
vehicle 0.7252362 658.35864 189.96884 729.19354 233.39725
vehicle 0.6990927 538.14435 181.8017 572.3201 198.49504
vehicle 0.67259264 398.366 188.96484 465.63705 226.08072
vehicle 0.6672725 0.0 151.9377 156.92723 367.3765
vehicle 0.665491 618.07324 183.87874 646.88116 202.11171
vehicle 0.6263082 480.40015 180.50323 534.9401 202.6441
vehicle 0.5390556 307.24716 187.4395 435.67603 238.97192
