vehicle 0.9546462 10.238392 188.49991 311.07376 349.49048
vehicle 0.8900718 778.4823 192.69037 907.132 298.02673
vehicle 0.8100791 226.80003 180.33736 404.46585 283.77063
vehicle 0.73295677 394.45255 184.32147 475.12384 229.4787
vehicle 0.7136468 569.5068 185.45468 635.7557 221.9908
vehicle 0.6512044 457.83902 177.22862 521.2174 208.09749
vehicle 0.6499901 456.93445 182.93419 527.4461 218.5622
vehicle 0.5774094 539.66516 177.45297 577.5319 200.3563
vehicle 0.55631125 590.951 177.98775 633.1373 199.22879
vehicle 0.49694297 673.8544 190.26431 731.4263 219.74103
