vehicle 0.897571 512.27576 174.65295 593.9424 216.45554
vehicle 0.8515264 286.86874 174.56903 433.65656 249.10194
vehicle 0.8445135 1061.1719 155.39986 1101.4023 168.75853
vehicle 0.8385688 805.3545 161.96434 841.2526 172.54175
vehicle 0.8310966 743.6995 166.67 770.41583 179.23007
vehicle 0.81475633 611.4986 176.09201 653.2043 196.11629
vehicle 0.71721107 1009.06134 157.53056 1043.7913 169.84534
vehicle 0.621351 681.4455 173.15862 706.43274 188.47621
vehicle 0.6008028 694.2461 170.58424 715.04517 181.87796
vehicle 0.5510097 874.19507 161.33911 906.9293 172.71588
vehicle 0.52062166 941.3634 162.48627 973.48706 172.69786
vehicle 0.41053846 489.90594 177.73688 533.3587 204.83853
