vehicle 0.89819664 680.31 177.3732 716.7888 193.38074
vehicle 0.8611211 596.2892 179.31294 640.05426 194.42525
vehicle 0.8454554 802.1087 180.38837 841.82996 195.88184
vehicle 0.81885254 352.9388 180.58733 393.6179 197.54259
vehicle 0.80835783 531.2933 179.1444 579.0613 195.85016
vehicle 0.78606814 475.8285 182.98036 511.52875 199.28773
vehicle 0.70849335 763.5223 180.09059 795.845 193.52237
vehicle 0.67258924 423.45447 182.50403 450.52487 195.79196
vehicle 0.63776475 862.6958 177.02652 896.6474 191.88885
vehicle 0.595806 1053.8612 178.79553 1105.8169 191.75606
vehicle 0.5688624 287.03043 180.13875 330.24246 194.72507
vehicle 0.40712473 1007.3701 178.35342 1049.6364 192.13893
