vehicle 0.8904106 465.77835 175.89351 526.79614 202.11102
vehicle 0.880614 1108.2434 154.056 1191.9935 172.94182
vehicle 0.8617609 876.8427 163.33469 907.11566 172.31454
vehicle 0.8456399 812.7511 162.35715 840.4188 171.38382
vehicle 0.8247487 5.626137 209.13675 163.24295 324.61804
vehicle 0.7650218 17.655233 186.44174 211.06363 282.06323
vehicle 0.73062855 747.6575 169.42877 769.8551 180.49083
vehicle 0.69344705 1051.8882 157.99907 1103.4022 174.83592
vehicle 0.68592876 632.77374 165.05869 718.15826 206.54082
vehicle 0.6607075 927.8359 164.90027 962.7629 174.00117
vehicle 0.65065444 728.4994 173.49068 759.69104 191.81628
vehicle 0.64977264 1023.35144 159.51578 1060.1678 172.44276
vehicle 0.64857006 530.8657 173.63493 586.7764 199.13417
vehicle 0.645523 1181.0563 152.89581 1236.721 170.92467
vehicle 0.6379026 598.60333 175.05936 636.4692 199.82063
vehicle 0.54989535 673.34344 161.57285 712.2233 178.60387
vehicle 0.5485237 340.1154 180.2603 376.11356 202.91476
vehicle 0.42974523 432.5466 181.97578 473.40164 204.92825
