vehicle 0.83646023 489.37637 176.17873 525.2257 192.9271
vehicle 0.8328086 547.1332 178.04926 572.2418 191.73726
vehicle 0.8265232 305.19543 182.51753 385.83234 225.86157
vehicle 0.80478084 579.1354 192.87897 643.13116 216.98912
vehicle 0.6901801 612.0517 179.93114 641.903 196.1805
vehicle 0.65529907 658.9348 178.44275 704.8042 200.93324
vehicle 0.6221335 237.35759 187.85063 330.6909 234.39818
vehicle 0.48638883 427.04007 173.01364 454.64035 191.54054
vehicle 0.43639046 189.18388 183.81505 296.02454 240.71167
vehicle 0.4224596 322.9355 174.2221 385.22946 202.29066
