vehicle 0.88794047 2.35984 187.2592 172.81406 255.48863
vehicle 0.8721526 511.67905 176.26155 582.2962 215.03328
vehicle 0.8307769 385.58728 174.04991 471.51065 208.77193
vehicle 0.74573743 602.93085 176.53073 643.0692 195.72942
vehicle 0.62534696 798.5114 161.73012 836.4594 174.19339
vehicle 0.6103052 684.35223 174.38496 708.4414 189.08836
vehicle 0.6041444 1067.2167 155.63168 1102.3292 168.9007
vehicle 0.5808434 1009.97516 158.1494 1042.3063 169.44989
vehicle 0.5687279 745.444 168.10378 770.63885 180.45387
vehicle 0.5198013 1121.9717 154.11125 1167.2264 167.16005
vehicle 0.47771084 864.01874 158.00299 902.06903 171.31665
vehicle 0.43575156 692.6324 172.28009 712.8079 183.30899
vehicle 0.4131434 950.89606 161.06633 979.8827 170.8515
