vehicle 0.9110179 492.26285 190.32137 545.17224 216.21675
vehicle 0.8433543 530.8465 188.83223 571.0085 217.99594
vehicle 0.84303117 95.84358 188.89357 195.59375 216.08348
vehicle 0.74995625 558.5639 183.64369 579.6359 196.27959
vehicle 0.7322093 219.19188 185.42456 410.68896 312.90088
vehicle 0.7050838 511.5027 185.15419 535.72424 196.07556
vehicle 0.6326613 606.8373 182.67021 628.1969 197.07237
vehicle 0.62575763 593.07104 190.0625 628.2284 216.47023
vehicle 0.56564647 5.1860347 182.51872 84.928024 224.86304
vehicle 0.53134423 192.99463 190.46045 244.72137 213.92413
vehicle 0.5248292 87.71191 189.34169 151.32108 217.57025
