vehicle 0.95027685 670.30597 175.51709 722.84595 200.21211
vehicle 0.8241883 1126.8174 158.74043 1181.2682 175.79254
vehicle 0.72614354 1180.3442 157.06915 1229.5033 172.13554
vehicle 0.70626223 248.34795 186.9375 375.82776 236.84544
vehicle 0.6947008 1019.9604 164.49521 1052.8492 176.43634
vehicle 0.66710806 885.46655 166.54462 910.8776 176.60797
vehicle 0.6644624 274.94955 184.47343 390.41876 227.84007
vehicle 0.63879514 824.2924 165.46083 847.0962 174.0882
vehicle 0.5889911 745.9772 176.3457 772.3343 191.83766
vehicle 0.5567938 1073.7996 163.75905 1104.6152 177.10406
vehicle 0.4490354 478.61838 177.71365 518.6225 205.69914
