vehicle 0.89000463 549.54407 183.13075 573.4797 199.24077
vehicle 0.7727248 429.17374 184.5995 499.4486 229.28333
vehicle 0.7176795 204.33888 182.48781 264.94696 206.30014
vehicle 0.62546104 604.3908 183.03996 624.92615 197.80919
vehicle 0.60611975 504.04453 184.21681 526.24854 197.78246
vehicle 0.45759353 149.40672 181.1601 209.07358 207.14047
vehicle 0.4206659 51.60412 179.73204 143.43561 209.90489
vehicle 0.41348138 160.26555 90.17615 192.92595 135.75647
vehicle 0.4097158 568.7585 172.75706 582.943 178.68546
person 0.40425438 964.74884 187.94487 993.65955 229.27771
