vehicle 0.8154773 457.47372 174.42223 545.6442 216.31291
vehicle 0.80669796 593.16 177.20885 635.3193 198.4166
vehicle 0.792665 1072.9512 156.25476 1109.7932 168.90408
vehicle 0.74639237 526.66077 177.8369 577.178 211.37839
vehicle 0.72170347 136.64468 181.88127 377.53656 247.71823
vehicle 0.68126726 1153.9374 156.15753 1183.8531 167.3779
vehicle 0.61726904 1001.24994 158.05717 1037.1777 170.45946
vehicle 0.53424007 686.36914 175.10089 706.2847 189.78436
vehicle 0.5304725 402.38882 179.52187 442.96625 201.9284
vehicle 0.45467892 750.5036 170.98483 772.6996 180.52559
vehicle 0.42814687 954.84 161.92172 982.40485 172.83179
vehicle 0.40810862 807.77026 164.9842 843.6016 176.42287
