vehicle 0.9396802 758.04877 162.6693 1029.6411 257.88412
vehicle 0.85978115 1094.585 150.57478 1228.4254 185.9192
vehicle 0.84030586 459.73456 180.72578 530.92596 225.17635
vehicle 0.76259327 530.97076 179.26086 566.53564 201.73723
vehicle 0.74255323 611.75494 178.43246 648.26904 199.68092
vehicle 0.742254 633.3901 172.81139 691.6053 198.94377
vehicle 0.6802641 1035.0408 152.75868 1113.8197 185.98746
vehicle 0.6444513 398.90662 185.15686 484.23825 235.4672
vehicle 0.6283432 1141.4832 149.55551 1239.8185 186.74776
vehicle 0.55229706 981.74963 154.03606 1041.5443 183.32372
