vehicle 0.957222 872.77856 204.90584 1240.0028 371.13687
vehicle 0.9088061 389.35684 180.49678 442.04562 195.62361
vehicle 0.887911 809.50586 181.29567 969.73627 278.4249
vehicle 0.8785822 494.33554 175.49905 641.7696 253.96956
vehicle 0.8247135 2.3633194 198.81306 219.17963 369.4923
vehicle 0.7464615 658.47534 168.04338 710.97504 196.01201
vehicle 0.7176773 349.6242 182.65823 390.99905 197.32861
vehicle 0.6584392 773.1462 168.16641 829.58527 199.67796
vehicle 0.6186613 605.2322 171.66776 649.5985 201.28664
vehicle 0.5940942 804.7188 162.6203 847.0456 180.26277
vehicle 0.5883485 672.7507 165.42874 708.49084 183.28615
vehicle 0.56494635 734.5149 172.06654 778.01965 197.44559
vehicle 0.51954454 858.1739 161.94838 914.75507 181.55017
vehicle 0.5088883 482.96576 178.48892 515.5325 192.74124
vehicle 0.5043815 748.97485 166.90753 781.95935 181.65059
vehicle 0.45443055 288.3802 184.83414 330.74493 200.01743
