vehicle 0.96080405 716.9828 125.54277 971.37 286.18405
vehicle 0.8127424 92.4932 156.65697 382.01886 328.8344
vehicle 0.78183955 381.71365 181.58153 490.0526 237.51228
vehicle 0.7504672 602.3406 179.14758 639.6152 201.08803
vehicle 0.7233377 481.1631 177.63066 528.2224 200.83995
vehicle 0.721996 547.84717 176.2516 582.31226 199.23569
vehicle 0.6946903 677.96545 182.25775 705.9333 202.73665
vehicle 0.6169988 3.498276 192.9596 177.90363 354.17496
vehicle 0.5479613 577.4612 189.74608 631.1638 216.26553
vehicle 0.42995048 677.7304 191.00383 713.84155 213.17914
