vehicle 0.9237347 15.246137 220.41971 413.7488 372.07285
vehicle 0.8426179 234.63138 188.65567 327.26297 222.31789
vehicle 0.7988536 388.9705 187.24947 464.77786 227.29121
vehicle 0.7531998 654.9844 188.61734 712.384 232.61897
vehicle 0.7530662 479.33307 180.57951 525.1814 200.30685
vehicle 0.66678154 474.24435 186.04677 524.97534 222.05771
vehicle 0.62892175 538.4947 186.67538 582.9573 215.12857
vehicle 0.58375263 557.6748 182.59222 588.01697 198.687
vehicle 0.57305384 712.9694 190.7832 778.81836 233.75542
vehicle 0.54017204 615.06903 184.41377 644.4603 197.82661
vehicle 0.46266097 625.51764 190.39037 661.00354 215.78754
vehicle 0.404823 323.97885 187.24709 404.94745 229.00314
