vehicle 0.8528482 271.14606 196.63069 322.85208 226.3778
vehicle 0.79584897 102.73816 206.18599 202.01132 249.89343
vehicle 0.74178094 431.79456 181.46936 456.29044 194.7991
vehicle 0.6998277 358.7057 184.73099 389.46133 198.64963
vehicle 0.697537 341.61508 43.216743 421.03787 83.64487
vehicle 0.6660851 943.18994 86.69963 979.19006 130.27705
vehicle 0.58425426 217.60645 199.32486 260.5983 225.72682
vehicle 0.5457622 56.6866 208.83528 174.07901 254.56479
vehicle 0.43975168 1.0679072 210.81119 50.73506 249.0999
vehicle 0.42178884 565.16077 180.76709 580.7886 194.29482
person 0.4201278 565.16077 180.76709 580.7886 194.29482
