vehicle 0.9533015 145.72514 196.42894 322.96848 290.06442
vehicle 0.9268952 597.33185 191.3308 747.9469 280.30576
vehicle 0.8312169 733.6057 185.46239 888.2291 304.07648
vehicle 0.7683861 482.57828 191.13435 518.6616 218.38568
vehicle 0.7479188 428.34204 190.27513 469.6098 215.58029
vehicle 0.7329305 517.6684 189.75815 580.7911 235.18427
vehicle 0.65323466 480.9689 185.935 514.3401 197.93181
vehicle 0.5753623 419.6636 183.40123 449.19168 196.66234
vehicle 0.5149202 351.3928 191.50784 378.48703 212.28633
vehicle 0.46335047 364.39447 184.69601 392.16058 200.65543
vehicle 0.44859347 288.94107 196.0853 326.17728 220.66685
