vehicle 0.94873 8.466813 190.54205 223.83728 289.0966
vehicle 0.9053828 315.43942 183.85004 398.6349 223.23254
vehicle 0.7500295 907.9398 154.7116 985.88007 175.0451
vehicle 0.66662455 628.0797 181.55612 660.007 192.9817
vehicle 0.59790486 541.60583 179.94722 575.0772 192.72784
vehicle 0.59326464 486.3317 178.77202 515.96643 195.48831
vehicle 0.57024664 404.81335 186.40974 454.00775 215.18533
vehicle 0.5604826 857.3485 155.23257 908.2893 173.47871
vehicle 0.44491476 676.5383 177.9304 704.4856 191.90646
vehicle 0.40532336 635.7049 172.67938 652.9584 181.59833
