vehicle 0.643355 1.3730426 96.99962 242.19487 282.5563
person 0.61106485 540.98645 151.08727 576.2277 225.94977
person 0.57596797 475.7775 144.48523 509.35153 216.21912
person 0.57523686 607.57117 153.91838 643.1964 227.30045
person 0.5716893 412.6419 144.43243 438.8406 184.45236
person 0.5412314 547.7348 145.91066 578.18774 209.29218
person 0.5299576 644.15173 143.95741 705.9674 263.18304
person 0.51805997 352.55707 149.42697 376.417 180.0143
person 0.4787973 281.5592 146.21118 312.60522 189.10066
person 0.42494974 612.51483 148.27737 642.7607 201.70222
