vehicle 0.8732359 1011.14746 185.42467 1239.4102 371.31396
vehicle 0.73801696 661.8491 176.89175 698.7696 201.52815
vehicle 0.65323174 616.6952 178.49072 664.1866 205.15604
vehicle 0.6297541 442.58563 180.92133 602.53375 276.9513
vehicle 0.52066547 599.42346 180.02237 676.7759 219.60501
vehicle 0.49609235 943.1283 3.8884542 1242.0 298.0426
vehicle 0.48201093 442.10522 179.74297 608.45416 274.2712
vehicle 0.4639065 826.9715 169.69131 857.724 181.96785
person 0.43149266 931.9813 160.76591 952.99536 183.78244
vehicle 0.41549203 877.23083 166.57617 907.07074 178.99194
