vehicle 0.95430857 120.677086 187.77927 318.35596 283.20187
vehicle 0.94077504 358.66302 192.18211 518.6986 294.4108
vehicle 0.93182755 942.6614 259.26794 1241.6132 374.37262
vehicle 0.7840212 649.73083 185.3603 696.70416 219.61636
vehicle 0.7670443 546.6644 178.97697 582.55457 201.41347
vehicle 0.69779336 477.5513 178.91077 524.12726 195.50081
vehicle 0.68317837 588.677 184.63026 638.5698 216.01381
vehicle 0.5957099 530.1957 182.87485 578.9343 219.66756
vehicle 0.5870522 596.3313 180.72449 635.68744 203.9607
vehicle 0.57281375 478.7968 189.6602 530.2035 226.57474
person 0.5110196 988.2983 173.14128 1080.9142 309.2915
vehicle 0.5017513 409.12866 180.80136 452.20966 196.43274
vehicle 0.4703505 664.43774 181.04584 699.392 203.13629
