vehicle 0.9594768 38.737434 202.99718 323.55103 321.33212
vehicle 0.9298852 743.779 180.47203 1000.36945 324.1588
vehicle 0.91646516 537.8823 179.41075 575.74896 198.2445
vehicle 0.6844189 621.15485 178.64948 651.97565 193.29733
vehicle 0.68105286 487.74802 182.69077 521.9331 203.90262
vehicle 0.5820335 463.5739 186.57506 499.98477 215.49994
vehicle 0.49702376 708.03 167.21587 775.41724 198.43806
vehicle 0.484057 669.98303 171.27571 709.61786 196.16365
vehicle 0.47724208 429.10312 184.28992 468.9846 229.523
vehicle 0.40686038 680.8613 166.53815 722.05383 180.41667
