vehicle 0.9857832 55.433613 202.55922 351.66574 356.24948
vehicle 0.94548374 963.0054 206.57352 1242.0 373.06598
vehicle 0.80473095 593.7823 179.55173 625.53827 192.27441
vehicle 0.79528356 829.1941 187.52704 1020.0036 305.28204
vehicle 0.78277385 529.407 181.45413 558.98883 197.31342
vehicle 0.6269338 306.84448 188.86931 449.57333 264.79996
vehicle 0.59065187 688.09186 179.87428 713.3254 202.53105
vehicle 0.57420623 707.0335 178.31044 802.51324 241.56734
vehicle 0.5664249 483.04852 191.3023 517.2984 210.07315
vehicle 0.49562606 507.00467 185.14116 535.7959 201.20686
