vehicle 0.9161643 3.6867352 180.67273 329.18854 369.80878
vehicle 0.90479034 461.70395 182.99568 527.73047 223.61496
vehicle 0.8843525 543.1503 178.98969 569.8933 197.75026
vehicle 0.74189734 326.24503 178.18495 363.42755 194.76555
vehicle 0.6446115 498.4359 180.92145 524.9915 194.94525
vehicle 0.6084275 298.1774 181.71747 338.71884 196.58061
vehicle 0.5859084 558.0632 173.0917 574.4489 179.04329
vehicle 0.58526117 619.9706 181.05527 643.3831 200.99832
vehicle 0.4675313 504.0386 175.19145 518.35803 181.52022
vehicle 0.40479308 626.322 171.68266 641.4845 177.66809
