vehicle 0.97422814 172.65503 200.6874 426.08292 346.08633
vehicle 0.8856046 809.30927 164.54927 1052.8169 231.57393
vehicle 0.762199 607.1356 179.63077 647.5476 196.93011
vehicle 0.6790923 544.44037 181.40045 572.98645 197.54723
vehicle 0.52283645 764.51117 166.95102 873.6759 218.33163
vehicle 0.46377546 5.458424 261.26163 165.46652 374.56833
vehicle 0.45845562 651.67914 180.84723 729.9711 229.17831
vehicle 0.45368856 669.59143 178.6841 719.7742 203.73706
vehicle 0.42272648 508.71524 181.3751 535.798 202.80966
vehicle 0.41529587 1102.9486 141.16089 1234.3422 183.36378
