vehicle 0.9635007 42.25185 183.88803 333.13474 343.04977
vehicle 0.88043404 284.5719 179.04594 443.6415 281.70102
vehicle 0.8629259 714.79517 179.62541 795.00775 233.68918
vehicle 0.86158997 586.6415 183.34694 665.43317 231.56166
vehicle 0.8096892 530.2218 177.89409 578.234 199.75113
vehicle 0.78176314 428.56918 179.46669 525.1094 233.03523
vehicle 0.6155137 778.1708 182.84927 906.1754 278.84808
vehicle 0.59799695 733.6588 177.47574 784.0089 198.98947
vehicle 0.5543555 678.27423 176.1139 711.8428 197.62556
vehicle 0.5472689 614.23267 178.85158 654.6369 196.66211
person 0.50750726 1005.9859 187.09618 1035.5652 227.15346
vehicle 0.5026878 518.2944 183.42665 574.97516 221.48985
