vehicle 0.9442036 2.8769507 201.01889 372.39706 372.0864
vehicle 0.9324147 1023.0674 153.8847 1238.7749 340.6917
vehicle 0.8715528 916.48706 156.74522 977.7888 185.26111
vehicle 0.84765744 366.69037 188.084 510.02072 281.13242
vehicle 0.75839 934.55 166.0545 1111.5251 264.91953
vehicle 0.75205296 788.68536 173.99896 837.81946 211.01166
vehicle 0.64881456 879.9045 160.4132 912.03436 175.15385
vehicle 0.5956553 468.459 184.0123 534.68976 228.60895
vehicle 0.50116986 940.4955 158.28833 1212.4032 269.62943
vehicle 0.46673402 722.93884 173.43912 801.90497 212.17567
