vehicle 0.9755343 810.64087 206.34534 1231.3002 370.79764
vehicle 0.9405061 5.477061 177.22374 295.36108 330.04175
vehicle 0.90279406 276.2551 169.88289 447.945 243.87418
vehicle 0.883942 446.53226 177.6574 527.0661 207.91737
vehicle 0.7945784 827.1837 183.86064 1222.7448 313.99704
vehicle 0.72069 768.1079 182.73128 863.9304 234.36336
vehicle 0.7095001 617.1264 176.81303 658.55615 199.18791
vehicle 0.6884078 93.07893 177.37103 328.7751 273.91183
vehicle 0.6861691 722.43005 179.50116 804.4032 228.50212
vehicle 0.64528185 715.94977 177.00575 800.2513 206.5787
vehicle 0.565944 195.03989 177.98756 385.52887 265.5455
vehicle 0.55338216 549.56213 175.6056 581.7434 193.42015
