vehicle 0.8595277 751.64575 197.13608 889.94604 274.11288
vehicle 0.8251739 494.68463 199.87347 539.14996 222.32724
vehicle 0.77163285 532.3662 195.15125 563.98145 214.55368
vehicle 0.76992196 710.07855 189.3586 781.5017 229.72884
vehicle 0.6845523 866.0603 172.88824 1239.8713 372.27475
vehicle 0.6801782 640.7743 186.37553 660.3154 197.18272
vehicle 0.64004266 686.12396 185.90587 707.4471 197.23734
vehicle 0.57922685 691.4632 191.12846 723.03894 218.61008
vehicle 0.5617859 569.9653 186.70505 591.3166 198.77634
vehicle 0.47618395 870.224 167.73839 1240.4047 371.63458
