vehicle 0.8835517 778.55304 182.88394 935.8508 280.44205
vehicle 0.85671186 402.05997 182.17883 456.38086 202.93332
vehicle 0.8284732 627.0224 26.909933 646.2862 56.42294
vehicle 0.74798095 286.5002 185.4579 334.29718 203.0113
vehicle 0.6548256 586.7124 174.32373 641.1997 199.14369
vehicle 0.58003396 1170.9198 151.62033 1242.0 185.07484
vehicle 0.50472784 713.1413 27.523697 734.57135 59.61347
vehicle 0.4660017 335.8639 187.42113 370.8182 200.70432
vehicle 0.43468046 717.2581 21.95563 735.357 40.804535
vehicle 0.42511418 562.65704 181.61156 590.4986 195.20679
