vehicle 0.9739793 807.4979 218.0374 1242.0 373.4529
vehicle 0.9108813 247.09674 183.06941 443.8354 271.45062
vehicle 0.8027492 384.74472 177.62807 474.6344 207.53859
vehicle 0.7192611 0.0 182.792 266.9496 347.01266
vehicle 0.69791865 468.71393 177.9748 537.907 210.05684
vehicle 0.6875341 541.1446 178.4134 580.2431 201.21156
vehicle 0.6772013 22.959492 175.1263 336.3252 300.8721
vehicle 0.58208114 192.27159 188.65527 406.51743 278.57947
vehicle 0.5681543 624.9659 175.59857 651.56555 195.08766
vehicle 0.51291645 678.0525 189.81512 714.6959 213.0068
vehicle 0.46962115 717.3169 191.09041 870.4446 267.16205
