vehicle 0.9210195 156.74811 191.92938 350.079 294.46912
vehicle 0.88655144 276.84714 172.66345 437.33447 243.57253
vehicle 0.8672228 475.7376 177.1295 524.9517 204.27484
vehicle 0.82788265 619.1496 178.89687 651.8578 197.96857
vehicle 0.701705 666.9076 180.11511 702.65234 198.67021
vehicle 0.6744351 537.1481 176.25085 573.1932 194.50931
vehicle 0.63080657 219.93147 181.54999 389.35834 258.61432
vehicle 0.5211928 392.3674 180.08208 468.45602 232.31216
vehicle 0.49668252 691.7747 174.23964 852.80225 275.6466
vehicle 0.4890768 0.0 181.44986 224.72911 339.30246
vehicle 0.42802584 655.9019 184.85022 708.27655 221.34789
