vehicle 0.9666163 256.65784 179.31517 479.6767 274.0801
vehicle 0.9617484 887.83386 210.65013 1240.9911 370.04898
vehicle 0.9009832 467.90283 182.20308 539.3257 222.3474
vehicle 0.8262185 593.4087 182.71338 668.078 225.59229
vehicle 0.7950185 541.2379 178.2923 577.96924 196.37234
vehicle 0.7701326 479.36566 179.30898 527.14856 198.59192
vehicle 0.7588954 770.5935 174.57944 919.5103 272.587
vehicle 0.73945695 730.85455 178.30724 774.52277 200.30107
vehicle 0.7103457 623.6162 179.3479 659.4376 197.64331
vehicle 0.6824498 54.116314 189.26123 339.45743 358.40704
vehicle 0.66864747 715.82135 181.54031 774.8091 227.66077
vehicle 0.55887103 681.1417 178.22028 710.85815 199.37195
vehicle 0.5229154 0.0 193.25806 192.24022 369.19644
vehicle 0.5028257 3.5379555 180.74179 193.48561 264.7891
vehicle 0.44647613 413.34903 176.72624 459.05267 194.63188
vehicle 0.4016523 90.499146 177.98303 326.37735 256.06894
