vehicle 0.9321517 886.0699 189.09221 1241.8176 370.7326
vehicle 0.8851268 794.723 195.067 939.3354 284.2126
vehicle 0.8591369 547.6305 184.60738 577.79 199.86598
vehicle 0.85119814 465.268 189.76103 520.58136 228.4789
vehicle 0.8106415 704.585 183.17006 807.60046 237.8785
vehicle 0.72019166 680.75323 180.55621 712.9293 197.90788
vehicle 0.55379355 639.40204 179.62653 661.8641 192.68039
vehicle 0.47964197 345.8936 186.37979 494.5744 256.91315
vehicle 0.43720633 493.84918 185.93376 523.3403 198.51112
vehicle 0.42893922 229.23187 66.93912 268.754 112.91838
