vehicle 0.8946385 754.14575 168.83241 939.50336 260.25848
vehicle 0.86898285 70.37771 180.35602 266.99246 248.64458
vehicle 0.8089009 268.80045 182.90231 344.02728 224.44812
vehicle 0.74391997 3.3994935 180.51186 109.21037 275.25696
vehicle 0.716092 483.90265 176.12141 512.9733 193.06528
vehicle 0.7038932 418.6445 178.01671 456.79245 203.12245
vehicle 0.5651315 551.14166 176.5007 577.07764 191.11047
vehicle 0.56346697 353.6025 177.44403 389.765 202.19942
vehicle 0.5037373 721.15924 172.8984 759.217 201.59528
vehicle 0.472053 689.31476 171.08652 719.6329 202.15425
