person 0.5532973 427.35464 177.42169 457.35822 222.5545
person 0.5481144 138.73209 174.1334 205.40247 283.55817
vehicle 0.54560536 577.15814 119.89494 597.0587 141.21619
person 0.5395028 754.64124 177.95267 775.41833 201.65729
person 0.506087 497.68256 175.66771 513.0098 191.85175
person 0.4902236 446.22772 178.52425 463.62756 197.67583
person 0.47476718 343.2413 182.59406 371.66467 224.43546
person 0.4522412 95.55162 189.7051 127.48078 231.21133
person 0.42437214 754.1412 181.31001 783.2757 227.25864
person 0.40679628 14.739534 188.60931 50.814766 234.10692
