vehicle 0.8352795 629.04694 184.4298 650.68726 194.38087
vehicle 0.8037806 474.03415 192.4653 525.2359 215.83096
vehicle 0.792072 0.7765361 237.05334 174.75252 375.0
vehicle 0.7844563 973.3585 170.3466 1153.025 238.62675
vehicle 0.77113765 553.02423 185.50206 572.9485 196.26671
vehicle 0.6672531 874.5484 174.93953 998.79626 205.46495
vehicle 0.63594747 962.3126 243.3176 1242.0 375.0
vehicle 0.5781964 675.2191 187.70331 699.5745 198.19548
person 0.5228378 95.7482 213.83429 136.69046 246.16904
vehicle 0.4885157 667.2532 192.93355 702.74414 215.22003
vehicle 0.46737576 492.4167 184.52238 520.4129 197.6886
