vehicle 0.92022157 458.35986 183.51628 529.4004 222.75793
vehicle 0.9080464 719.425 185.2538 783.0875 230.98547
vehicle 0.8868771 953.77344 224.05968 1242.0 373.71338
vehicle 0.8728311 255.38068 176.30666 448.1419 290.9846
vehicle 0.8018111 595.29675 182.53125 668.6556 226.85262
vehicle 0.756472 543.24817 178.02533 578.971 199.00377
vehicle 0.72992885 479.42038 179.06697 521.27734 198.70906
vehicle 0.7059475 613.6045 179.74464 651.99677 197.26997
vehicle 0.7034694 781.7421 173.23178 974.0294 288.36987
vehicle 0.6959091 740.4844 180.45952 781.9381 194.80219
vehicle 0.6290219 12.863431 185.52423 247.26826 270.4781
vehicle 0.5494711 417.63116 177.2262 456.9957 194.72467
vehicle 0.5484882 688.15015 179.17737 718.9407 200.58556
