vehicle 0.7886205 747.1959 180.79123 776.7376 196.89687
vehicle 0.78851247 806.8331 179.76306 839.91003 191.88165
vehicle 0.7849375 864.15155 182.71753 899.6578 192.28828
vehicle 0.775574 1116.1138 179.31378 1197.4094 200.94879
vehicle 0.6753259 672.30194 179.62747 716.04846 206.23524
vehicle 0.6516864 1002.9654 183.02997 1047.2811 197.0863
vehicle 0.60829204 606.8033 184.86513 652.65454 220.12201
vehicle 0.606006 1165.5083 180.04109 1234.0775 197.35033
vehicle 0.542559 962.02057 186.24548 991.6021 197.36754
vehicle 0.53265184 617.3774 183.93958 649.3471 201.50978
vehicle 0.41408333 201.59207 200.51562 254.91393 220.31064
