vehicle 0.94461405 6.928186 198.2245 318.6978 371.51578
vehicle 0.9440577 972.86005 204.56805 1242.0 372.26123
vehicle 0.92760074 761.40485 182.76176 979.5744 288.84082
vehicle 0.8542415 669.78674 172.98782 720.17365 199.19868
vehicle 0.8516401 277.3405 189.32832 446.8735 298.2438
vehicle 0.75207907 537.3058 182.58037 596.7473 219.91821
vehicle 0.6614179 733.06573 172.00827 790.2067 200.29483
vehicle 0.63746583 551.95123 178.87584 594.95776 205.61247
vehicle 0.5903814 436.933 179.83511 510.3789 233.43823
vehicle 0.5163668 811.0746 165.91246 845.5344 180.56937
vehicle 0.487713 266.92624 190.85587 321.20038 215.77403
vehicle 0.484544 755.8068 165.38387 794.5429 178.09277
