vehicle 0.9165914 0.0 174.52193 246.14317 375.0
vehicle 0.9164889 197.61934 179.35867 397.06793 297.52826
vehicle 0.8597315 589.7339 181.32564 671.2337 228.17892
vehicle 0.85041565 709.92896 181.79276 781.28143 233.03162
vehicle 0.8420491 445.9386 178.61507 530.1404 228.33916
vehicle 0.8309913 532.8398 174.76363 581.7752 200.36606
vehicle 0.6991991 760.02563 179.64029 883.73505 268.5562
vehicle 0.64099324 609.89746 178.68544 654.25775 199.34525
vehicle 0.5148254 727.55035 177.07588 776.3171 199.57225
vehicle 0.4621811 251.51762 177.78616 433.5272 283.30396
vehicle 0.4254658 961.8187 135.31335 1240.3914 368.86102
vehicle 0.42054224 678.6245 176.93265 711.7861 198.79373
