vehicle 0.8412837 1017.9592 181.53053 1238.7036 370.8424
vehicle 0.8271407 851.45483 167.05591 1022.8251 297.27698
vehicle 0.5941043 182.04456 175.4527 312.83942 232.46167
vehicle 0.5585364 623.91675 175.34663 661.2691 196.91843
vehicle 0.5437618 497.59412 174.15268 521.11786 194.72412
vehicle 0.5086964 688.939 167.89796 713.68933 179.86957
vehicle 0.5045479 317.89282 174.0533 381.9432 214.93765
vehicle 0.49259245 674.6331 172.81633 707.7809 195.61627
vehicle 0.44752198 631.6824 168.80162 654.4041 180.30637
vehicle 0.43229097 550.5824 169.7179 571.43414 182.6267
