vehicle 0.968967 32.98615 196.14703 262.91724 290.727
vehicle 0.8308292 220.87152 196.31967 450.53308 320.73334
vehicle 0.78600556 399.28903 188.21625 463.3082 229.02525
vehicle 0.6185311 435.5215 185.85258 500.9904 224.5017
vehicle 0.51913595 552.196 179.54025 590.0086 207.75623
vehicle 0.49460036 329.11646 191.32277 410.5699 226.06772
vehicle 0.46987253 547.44824 187.22643 590.1205 212.37595
vehicle 0.46616897 349.7958 187.19562 393.48364 199.94215
vehicle 0.45615107 239.36026 194.01093 315.74973 223.56342
vehicle 0.42322692 416.48163 183.06493 452.6606 199.39043
vehicle 0.41661447 0.21836449 203.55684 61.411568 251.89497
