vehicle 0.8673364 262.8307 184.75159 357.5218 234.33481
vehicle 0.76174223 908.5614 154.00182 982.2087 171.55826
vehicle 0.7311266 483.8138 181.21516 529.06036 198.472
vehicle 0.7194975 531.3184 181.79776 574.3969 195.18658
vehicle 0.7042087 617.8351 180.68472 658.6932 193.64638
vehicle 0.6951085 671.57684 175.30614 707.3664 193.42848
vehicle 0.6749673 324.36624 187.05742 395.16705 231.38011
vehicle 0.65540135 972.3374 153.33127 1060.3558 175.23004
vehicle 0.5796482 396.93283 187.61511 442.69583 213.94676
vehicle 0.5531184 409.85028 178.66597 454.3223 207.62817
vehicle 0.4701367 1080.6423 145.60608 1236.3767 178.7413
vehicle 0.4480082 123.20651 195.18857 166.85211 214.34303
vehicle 0.42196378 877.14484 154.94156 909.36816 169.37727
