vehicle 0.98685384 5.29792 205.22655 421.5868 372.06793
vehicle 0.8737639 536.4287 192.38799 579.0903 216.93655
vehicle 0.86363524 860.8398 203.57164 1018.42035 303.10873
vehicle 0.8361199 814.8206 202.41805 973.74084 302.25012
vehicle 0.8020773 554.5748 184.57013 586.1352 197.9156
vehicle 0.78015816 651.066 187.09413 708.5443 222.30283
vehicle 0.77306926 935.8574 205.77089 1065.2079 301.74982
vehicle 0.7708312 345.46194 165.80858 523.55145 281.40097
vehicle 0.71363753 761.99133 200.2271 884.8821 299.099
vehicle 0.599796 617.8058 183.11827 646.02136 196.59352
vehicle 0.5306755 655.9644 181.59032 702.8619 196.18797
vehicle 0.4482 784.5868 204.97832 847.83417 258.37003
