vehicle 0.94872224 121.22482 198.32039 461.73972 371.5553
vehicle 0.9359357 802.7824 214.44969 1240.6155 371.2104
vehicle 0.898 519.6155 183.86974 577.9038 223.30223
vehicle 0.7932207 673.7937 193.14943 717.40314 223.9929
vehicle 0.7232015 619.2834 183.29628 656.2262 201.04755
vehicle 0.5986092 672.7381 184.42911 706.62384 197.63669
vehicle 0.5904116 712.46326 189.38908 864.5827 287.07867
vehicle 0.5187896 613.2818 188.31604 669.7478 213.72398
vehicle 0.4915944 674.6402 199.71844 729.6692 252.04767
vehicle 0.42468545 554.48926 180.14476 593.7206 201.17815
