vehicle 0.9452464 357.4223 186.46312 511.9765 293.04318
vehicle 0.92603606 12.606504 226.79782 436.87817 372.80844
vehicle 0.89257014 656.4045 183.89493 718.3096 223.33824
vehicle 0.7975781 485.5592 178.30724 526.6991 196.48459
vehicle 0.7674798 548.8726 179.6045 586.80646 198.50224
vehicle 0.5814021 612.52026 181.43005 644.1307 199.74904
vehicle 0.56926125 724.36755 3.7182012 1146.6871 360.73242
vehicle 0.52976054 429.2876 176.67345 465.03476 191.78284
vehicle 0.49409974 245.65802 182.1498 367.94647 224.08264
vehicle 0.4918131 128.2386 185.25578 215.22624 222.49228
vehicle 0.43140677 671.78986 181.73184 711.7729 205.8415
