vehicle 0.9757262 127.47491 183.5584 496.58698 370.99963
vehicle 0.89067084 807.29236 175.94687 1167.8413 372.42313
vehicle 0.88483703 771.81287 163.6154 888.08435 207.18356
vehicle 0.8181639 541.2472 169.60243 596.7986 204.7577
vehicle 0.7998828 820.9029 165.28639 920.68506 207.31639
vehicle 0.6972349 725.42206 164.34315 787.0216 204.3594
vehicle 0.6805831 676.30646 173.42525 731.2291 201.84807
vehicle 0.5841295 41.60685 193.5056 154.02705 221.54219
vehicle 0.4863216 462.55362 180.44182 531.41296 230.4554
vehicle 0.42528832 215.61513 188.71024 263.08194 202.1502
vehicle 0.4071219 255.91833 185.41064 330.8042 200.49445
