vehicle 0.8504863 1113.9982 155.8328 1191.5831 175.69937
vehicle 0.82866883 495.8727 180.07399 597.1792 224.41547
vehicle 0.7569888 880.65735 164.26903 910.0141 173.96611
vehicle 0.7051446 940.63806 165.42096 972.82983 175.20331
vehicle 0.70020604 1049.9612 159.79095 1099.8496 176.47943
vehicle 0.6971203 1182.17 154.80437 1235.8855 173.24101
vehicle 0.66106665 814.3118 164.16962 842.70966 173.93086
vehicle 0.57342637 519.37085 179.12102 584.7102 204.80023
person 0.5266702 684.78046 172.90012 708.43286 192.12068
vehicle 0.52252775 684.78046 172.90012 708.43286 192.12068
vehicle 0.49564767 1031.5275 163.38396 1067.0211 174.74182
