vehicle 0.9504022 76.61669 213.3696 407.5219 367.8068
vehicle 0.890763 364.0315 188.09154 512.2042 302.54065
vehicle 0.77109104 601.6244 168.3182 652.8196 183.85034
vehicle 0.74910015 1083.3578 170.61853 1175.0698 210.49104
vehicle 0.6818669 748.0891 169.92389 881.50366 201.1605
vehicle 0.66224635 477.0316 185.3474 547.55066 231.76129
vehicle 0.6299436 500.93085 184.75096 560.2469 227.23929
vehicle 0.5644192 973.5385 162.8167 1051.2264 194.6087
vehicle 0.5595466 1029.878 162.7597 1153.4156 209.46349
vehicle 0.5211737 592.4558 170.28702 652.45264 189.35187
vehicle 0.47050568 985.0976 157.84062 1070.756 192.56453
vehicle 0.45991728 755.7436 171.18213 913.7715 290.29016
