vehicle 0.8816108 874.0365 238.81195 1028.4193 359.47778
vehicle 0.8368487 926.09283 236.022 1100.9656 359.5096
vehicle 0.81741923 0.0 142.458 396.7607 370.07684
vehicle 0.79551446 468.92877 183.9341 538.7303 232.04175
vehicle 0.71714514 984.76996 246.62263 1181.2816 370.3188
vehicle 0.6775717 608.3341 177.87193 649.7049 201.90163
vehicle 0.67545384 624.61676 176.6689 705.9503 205.25424
vehicle 0.64078236 827.55585 225.96883 971.51196 349.2435
vehicle 0.6277807 368.7042 190.48705 490.05975 284.74
vehicle 0.6145979 535.5585 178.72237 568.9685 201.96303
vehicle 0.5849009 1035.5676 247.34746 1235.1877 372.48492
vehicle 0.52946633 671.5063 177.60397 843.7299 243.6924
