vehicle 0.9743139 29.644567 162.88036 340.83878 295.10342
vehicle 0.9199397 849.0473 183.22343 1056.1124 287.3758
vehicle 0.9124969 1002.5089 193.51768 1240.2745 371.37784
vehicle 0.83822644 901.1707 189.74521 1098.8677 296.42233
vehicle 0.80493873 757.663 175.24583 900.2927 257.30994
vehicle 0.75571704 612.2227 178.33632 649.93304 198.50014
vehicle 0.6911853 973.596 191.76149 1179.836 311.64148
vehicle 0.5810266 365.68393 178.99893 472.84375 202.6904
person 0.52219707 497.72162 178.13176 520.5696 199.00229
vehicle 0.50127524 820.77826 191.36388 977.9102 284.1029
vehicle 0.46904388 562.8271 175.51436 586.6984 190.30179
vehicle 0.452953 318.3784 177.5074 492.1526 249.61325
vehicle 0.45233282 497.72162 178.13176 520.5696 199.00229
vehicle 0.44293585 331.84827 179.37743 485.65402 227.11792
