vehicle 0.96757865 208.55579 174.61621 380.60657 263.7225
vehicle 0.87142706 466.7841 172.43456 528.09503 203.22269
vehicle 0.86360234 240.355 164.4984 434.5551 245.50415
vehicle 0.8452084 42.453476 197.76044 285.96173 300.26508
vehicle 0.76537824 622.96185 178.14845 655.57043 197.78304
vehicle 0.7632981 115.20506 187.59972 329.5325 276.1284
vehicle 0.7103956 706.676 173.71704 907.598 298.2305
vehicle 0.70440686 0.0 194.1693 260.6303 339.06015
vehicle 0.63232976 675.70514 181.10693 706.04767 200.97008
vehicle 0.5910215 391.6456 168.64384 478.06332 216.9237
vehicle 0.5087898 669.26306 186.12494 716.25116 222.42015
vehicle 0.50025624 533.4184 174.70407 571.0817 195.65387
