vehicle 0.9495365 7.5727196 202.93713 325.83588 368.0528
vehicle 0.9217829 285.8564 195.07689 444.55142 274.6975
vehicle 0.8440861 732.3054 177.9299 890.7356 261.7522
vehicle 0.83638835 832.9383 185.44608 1086.9132 328.11996
vehicle 0.8327934 595.2558 178.3513 627.2188 191.57924
vehicle 0.72954756 691.7805 178.92801 718.318 199.24399
vehicle 0.7181774 491.87738 190.39825 531.9491 210.36682
vehicle 0.70469636 1034.6736 244.72862 1241.2723 374.75076
vehicle 0.6966263 530.04694 180.87796 561.80774 196.33482
vehicle 0.6706437 410.8237 194.42441 466.66818 223.72276
vehicle 0.6028553 502.90314 185.29259 537.03595 201.05669
vehicle 0.40371293 702.656 177.03026 843.77094 259.73264
