vehicle 0.9646945 1.749249 213.89542 416.5308 369.5396
vehicle 0.9317374 870.9831 229.67647 1242.0 370.97403
vehicle 0.91442466 350.54736 204.91864 492.86542 312.66428
vehicle 0.87210435 520.47235 183.40755 583.6491 223.23792
vehicle 0.7226426 622.036 182.85835 653.48737 197.51474
vehicle 0.5309593 675.8731 184.46783 703.94916 197.33876
vehicle 0.51365167 675.95135 199.83884 738.06665 254.87396
vehicle 0.45950544 556.7712 179.72502 596.9389 200.56508
vehicle 0.4216063 606.39526 190.48735 666.659 214.65062
vehicle 0.42064404 679.5529 194.14891 715.3677 218.07457
