vehicle 0.9389707 180.4945 189.36029 424.24835 327.41318
vehicle 0.880446 667.79144 171.03285 721.44037 199.31963
vehicle 0.8625447 0.0 208.45197 230.16801 371.18817
vehicle 0.77575856 510.10046 180.04457 588.1446 223.62117
vehicle 0.7527925 813.03107 195.45705 1051.7891 310.01813
vehicle 0.6931442 538.1932 177.01575 591.6466 209.54834
vehicle 0.575051 804.67474 165.63895 848.1505 179.07144
vehicle 0.5440914 764.33307 170.14224 834.5554 198.92757
vehicle 0.5249969 745.2256 179.51534 870.4367 276.99408
vehicle 0.46480688 344.55106 181.27632 391.47388 195.59978
vehicle 0.42439193 1087.2898 279.89474 1240.2039 374.86908
vehicle 0.41736886 750.4358 164.72415 785.5245 176.87708
vehicle 0.41185546 723.5048 170.99638 780.8 202.32668
