vehicle 0.8647619 743.85864 178.87518 778.9725 191.2441
vehicle 0.84595484 1105.3247 182.01717 1189.473 205.08841
vehicle 0.7787107 686.14307 181.23672 708.5753 193.32477
vehicle 0.76967305 999.7591 186.76814 1043.7495 201.49342
vehicle 0.5417702 797.0107 179.78423 829.7096 192.04344
person 0.4924156 573.013 190.32558 596.23706 214.88249
vehicle 0.4828361 950.7767 187.7393 983.5844 199.92506
vehicle 0.47282183 1069.0422 185.78654 1111.0774 202.78448
vehicle 0.45841834 892.3631 187.48619 917.05457 197.25618
vehicle 0.45398158 1189.4766 185.4031 1233.106 203.26714
