vehicle 0.9198031 143.39122 182.61372 414.17157 314.3401
vehicle 0.90626466 435.68408 182.07494 525.54675 221.44324
vehicle 0.8903792 710.5683 181.83437 782.642 227.55865
vehicle 0.8583045 590.70996 180.11269 671.4863 224.10498
vehicle 0.767805 799.18115 174.24622 1023.0918 292.7561
vehicle 0.7569462 532.25543 174.24535 574.9793 196.78914
vehicle 0.65105176 1040.2078 253.87251 1241.4467 375.0
vehicle 0.6315396 467.60886 177.16098 519.9603 202.14638
vehicle 0.61800253 714.38324 176.7409 781.86584 205.28917
vehicle 0.5639812 617.13324 175.5186 663.84064 197.21132
vehicle 0.4531086 24.539469 186.8378 163.53107 277.45184
vehicle 0.4260648 624.1671 166.57045 655.8697 178.29816
