vehicle 0.9273995 4.7648377 166.66446 325.3626 312.24658
vehicle 0.8872376 844.20135 189.93489 1060.9084 296.8765
vehicle 0.8401485 782.54315 178.21143 937.61176 269.80988
vehicle 0.8134485 609.4271 177.95152 652.0431 198.44704
vehicle 0.8019815 811.89215 187.94261 965.0983 282.18796
vehicle 0.7907627 890.078 190.90318 1113.2319 308.54227
vehicle 0.6507553 939.8825 189.06636 1222.6707 322.2608
vehicle 0.56964713 1066.1539 195.05853 1240.0125 329.05884
vehicle 0.5152462 554.54095 175.69531 579.65424 190.28572
person 0.49435028 495.33093 178.9931 517.6627 200.50389
vehicle 0.48600373 495.33093 178.9931 517.6627 200.50389
vehicle 0.4082701 319.0631 179.538 475.7763 222.25392
vehicle 0.40483308 350.87527 179.60135 470.76233 205.50943
