vehicle 0.9614876 202.76195 181.53949 390.3049 279.342
vehicle 0.91476667 835.44025 183.49988 1236.2964 371.5912
vehicle 0.9126978 522.56323 177.60806 570.023 200.0016
vehicle 0.6857945 413.47665 185.8073 471.8856 228.47784
vehicle 0.65242237 617.8366 177.30984 657.6627 194.3291
vehicle 0.5621087 699.97217 164.52016 781.45026 200.03003
vehicle 0.5599261 700.4731 162.00104 783.0454 179.98535
vehicle 0.51924086 475.6952 182.86664 515.05426 203.09778
vehicle 0.5121184 4.3976445 226.26427 148.39423 359.50732
vehicle 0.47642535 451.80682 186.8333 500.1006 215.67464
