vehicle 0.9067034 188.94524 201.34955 269.14426 241.3352
vehicle 0.8643512 75.063805 209.45044 162.47206 248.24818
vehicle 0.8414135 354.49506 197.84747 399.24658 219.83188
vehicle 0.81335497 455.8586 95.70181 509.0331 122.04828
vehicle 0.6252607 346.28293 95.10382 369.92603 121.92482
vehicle 0.55557275 302.7803 199.46027 334.6822 220.39561
vehicle 0.54880023 118.77256 207.77504 190.18199 241.64432
vehicle 0.5390223 1055.2734 190.26524 1240.0256 247.22285
vehicle 0.50735724 407.29724 193.88754 438.9461 213.47974
vehicle 0.4397124 433.85107 186.3491 456.15295 198.7731
