vehicle 0.86945826 541.9149 177.27872 583.69354 201.58647
vehicle 0.72917956 221.42046 176.12561 452.21945 238.42174
vehicle 0.7258543 473.41467 178.10127 531.5191 203.0282
vehicle 0.70831835 0.08725239 197.76006 229.99457 367.95126
vehicle 0.70307 196.14166 178.55797 407.0873 265.14743
vehicle 0.6910392 679.6396 190.46228 725.0752 222.68451
vehicle 0.57636136 673.8696 182.17435 711.4952 199.74051
vehicle 0.4951898 377.74908 177.64621 490.28134 232.57928
vehicle 0.42870975 627.95886 176.86288 656.0545 194.21481
vehicle 0.40501517 700.8115 192.9673 845.9665 274.4111
