vehicle 0.96928775 258.2701 186.89595 533.8298 340.66785
vehicle 0.9062707 793.03754 180.68195 1041.746 335.1721
vehicle 0.8771695 919.94006 219.32156 1239.5967 372.41714
vehicle 0.68361646 547.4495 175.7431 600.01385 208.74385
vehicle 0.65020657 726.67 173.60544 776.80316 200.73726
vehicle 0.59455156 334.09036 188.85945 383.3163 200.5352
vehicle 0.57514924 669.30804 178.51344 706.747 195.4697
vehicle 0.5713786 137.2486 192.84021 189.27945 216.10533
vehicle 0.5660191 765.50854 168.31209 861.42816 206.58034
vehicle 0.52584493 446.233 183.53355 526.7486 230.43837
vehicle 0.5108807 592.5872 173.96448 623.5766 197.34604
vehicle 0.49401304 280.56482 192.91838 319.94876 203.87376
vehicle 0.4472217 526.38196 179.36603 593.1168 223.26976
vehicle 0.44140232 826.09705 181.69885 1032.9634 291.37106
vehicle 0.40089247 5.5414224 201.57478 45.524734 219.98972
