person 0.6148019 616.923 178.60419 646.30133 230.1557
person 0.5207181 672.512 173.32742 696.3701 200.09312
person 0.49696404 481.39987 180.70712 507.04453 229.13799
person 0.4884202 116.82477 227.13913 242.97508 345.14108
person 0.48121482 299.58585 213.42844 328.94974 246.93513
vehicle 0.47492468 554.8778 180.47287 581.2904 198.28023
person 0.46983406 624.39935 176.06071 646.71094 201.80782
person 0.46757084 214.0727 225.08806 257.14487 284.93613
person 0.4477886 718.0473 166.33566 782.6205 300.56927
person 0.44719037 1180.3608 243.5573 1223.0596 293.2204
person 0.4265826 288.92935 217.5761 327.3609 277.22598
person 0.42284957 568.0752 181.88058 593.8243 222.46465
