vehicle 0.9590145 119.32867 150.93604 473.2007 363.0645
vehicle 0.8071366 1063.245 268.78217 1235.0209 374.07285
vehicle 0.7992284 812.32416 217.9411 938.5764 312.9865
vehicle 0.7849618 929.883 245.32306 1098.3508 374.7907
vehicle 0.74265057 616.1512 183.0768 650.8182 198.90443
vehicle 0.7034998 543.337 181.90968 573.7087 199.05855
vehicle 0.69899553 879.112 228.722 1019.7845 328.45642
vehicle 0.637243 478.60916 187.70288 533.0601 225.13383
vehicle 0.60462713 993.3186 223.45439 1168.3386 363.44965
vehicle 0.574247 933.9887 223.06375 1083.0806 335.01102
vehicle 0.5578916 785.6653 212.96579 894.90735 311.5287
vehicle 0.53381884 890.1663 242.43275 1040.5483 360.8655
vehicle 0.5002844 1006.2259 261.93692 1202.694 373.68884
vehicle 0.49548414 1048.3683 225.73451 1224.6062 351.18298
vehicle 0.43863937 522.90356 188.48175 557.50995 214.79878
