vehicle 0.9453651 88.41709 191.89818 420.60767 362.11884
vehicle 0.85601383 549.258 180.38242 574.9787 194.97748
vehicle 0.8385673 470.74295 183.31378 531.92847 218.20293
vehicle 0.6127777 145.52922 178.5778 208.738 208.70311
vehicle 0.6017518 623.6258 183.50357 645.2652 199.58409
vehicle 0.57824814 505.72913 180.27245 538.1767 197.41545
vehicle 0.5613728 558.07007 174.75156 575.0517 180.18477
vehicle 0.478833 222.31335 174.23279 356.02878 197.92755
vehicle 0.46861014 509.38333 175.75296 524.4633 181.84901
vehicle 0.42200676 629.2457 172.9979 644.28217 178.27855
