vehicle 0.9100212 611.4115 177.38261 651.5068 193.51628
vehicle 0.8855433 310.1905 171.84819 410.64062 206.64024
vehicle 0.8621257 441.28717 177.15659 525.3226 212.39543
vehicle 0.7347797 546.5714 179.06331 580.9491 197.9065
vehicle 0.6942437 669.5372 177.0661 700.33295 191.36267
vehicle 0.6617171 1066.7875 167.81467 1115.001 181.84206
vehicle 0.60622174 193.2028 182.16928 341.03018 223.46046
person 0.5096372 762.86694 175.35165 782.4119 193.87311
vehicle 0.48767063 1005.2387 171.41698 1040.9973 183.09395
vehicle 0.42216855 762.86694 175.35165 782.4119 193.87311
