person 0.54875743 617.6662 177.15805 647.7204 230.82146
person 0.51065403 46.675224 232.58273 182.49277 333.1638
vehicle 0.5096761 709.89655 192.16359 800.0742 312.1254
person 0.48659703 573.0509 186.6053 594.9211 220.87431
vehicle 0.48347765 669.1166 202.5332 714.34515 254.92896
person 0.4603025 287.0328 218.10411 329.27582 275.73682
person 0.44705918 626.2264 174.70004 650.2334 202.08794
person 0.43569046 688.63855 179.70444 709.6181 197.94087
person 0.43192202 420.59998 200.95992 455.3528 250.509
person 0.40913844 289.80887 210.55534 325.11743 253.21153
