vehicle 0.9365517 0.0 191.82198 260.5479 365.743
vehicle 0.92022187 861.0043 179.60362 1242.0 370.51364
vehicle 0.8899568 384.51456 181.91017 493.762 232.23994
vehicle 0.8617767 727.7157 180.71768 800.79285 232.65459
vehicle 0.8250497 582.8483 182.23328 673.21313 226.17041
vehicle 0.78279865 181.13696 182.79124 376.32175 300.62405
vehicle 0.7145706 434.8701 181.40019 535.6543 231.99693
vehicle 0.60035133 47.787598 184.77744 338.12277 316.66324
vehicle 0.57105905 252.4375 177.50473 332.58374 192.93843
vehicle 0.5699909 537.89404 174.73883 575.2615 198.62485
vehicle 0.49700525 485.7199 177.703 533.1061 199.11201
vehicle 0.48246658 612.6394 179.00426 655.7767 197.75925
vehicle 0.4770695 138.37297 179.27138 215.86804 197.17513
vehicle 0.44784176 795.4764 183.41335 858.2648 239.56606
vehicle 0.44340214 728.8801 175.45943 783.3893 209.30345
