vehicle 0.7561729 2.7912807 114.868576 385.36075 222.49776
vehicle 0.68827164 557.1241 174.682 584.28436 189.90683
vehicle 0.6779649 490.05856 173.46461 515.39 186.81546
vehicle 0.6187525 499.19156 173.09778 514.2869 181.64319
person 0.5838943 98.525635 166.45464 115.85587 179.74484
person 0.5774677 171.11937 164.86845 187.11743 179.89659
person 0.54544497 244.17413 163.06921 260.28625 178.93094
person 0.46163368 690.72186 171.28688 711.3111 199.05212
person 0.41461664 382.90936 164.77354 398.5919 181.45232
vehicle 0.4066542 556.4343 173.48907 573.15894 182.73608
