vehicle 0.9422699 70.93916 201.51968 275.1535 290.62643
vehicle 0.79652154 137.83669 189.16525 319.74707 277.62402
vehicle 0.7331366 1074.099 154.57901 1202.4227 181.75642
vehicle 0.72828776 627.5985 183.46263 654.78577 195.02827
vehicle 0.6524208 3.7406607 209.93484 99.07169 321.27213
vehicle 0.5837678 478.1853 190.10693 522.2724 212.33968
vehicle 0.53040683 482.68576 185.64796 520.0863 204.2531
vehicle 0.50637066 4.8578734 205.61644 238.86484 300.10037
vehicle 0.46517634 978.2553 158.44649 1073.7047 186.52895
vehicle 0.4378284 553.1211 186.7204 577.253 197.12971
vehicle 0.4345803 386.85834 190.49945 450.70935 228.24976
vehicle 0.4000399 317.08398 188.90067 401.93918 239.05574
