vehicle 0.8892428 172.18867 181.80565 433.6827 267.44705
vehicle 0.7938516 472.7285 178.53757 516.9667 204.41417
vehicle 0.74512815 725.42834 189.50339 955.9279 316.43326
vehicle 0.7320127 546.0957 177.43198 581.68774 194.72949
vehicle 0.73001915 0.0 182.86441 215.0298 344.4776
vehicle 0.5699658 649.459 176.7275 695.6563 202.12599
vehicle 0.5636939 453.30502 180.29396 504.07544 221.28488
vehicle 0.46057048 607.97394 177.26952 643.0995 194.1004
vehicle 0.43561968 690.3389 186.50168 773.36346 230.9947
vehicle 0.4137911 313.53012 171.76495 426.00693 200.90382
