vehicle 0.8629993 543.0495 177.33203 586.2049 199.90198
vehicle 0.8473439 616.43475 173.8385 649.7163 191.1435
vehicle 0.84299874 995.2662 146.74857 1120.9752 177.85826
vehicle 0.6834106 641.11414 169.35529 689.12354 191.8838
vehicle 0.609703 475.64102 187.71301 532.78284 215.12247
vehicle 0.5498745 973.89355 145.7329 1084.823 178.2583
vehicle 0.5387438 1039.8179 0.0 1136.3427 47.309673
vehicle 0.4659739 1181.2413 140.16147 1239.8981 181.14626
vehicle 0.4337557 654.09705 165.99858 692.6184 185.27197
vehicle 0.40177387 869.1799 150.5052 910.23456 178.86732
