vehicle 0.85865194 1113.4507 155.94247 1192.683 175.69237
vehicle 0.74643433 879.6468 165.17763 910.6356 174.45518
vehicle 0.7038487 190.23831 159.1188 383.49246 237.27333
vehicle 0.6976997 1181.1288 154.97739 1235.5088 173.02162
vehicle 0.69765055 938.20233 165.75182 971.5847 175.40001
vehicle 0.6932078 1050.3364 160.00114 1099.0505 176.49063
vehicle 0.5456275 815.7881 165.18378 843.5815 174.20856
vehicle 0.5308533 1030.8983 163.57849 1066.472 174.75185
vehicle 0.5244123 190.23831 159.1188 383.49246 237.27333
vehicle 0.4777357 683.76117 174.1002 707.9734 191.13486
person 0.43306226 683.76117 174.1002 707.9734 191.13486
