vehicle 0.9831935 770.7732 211.06343 1087.1658 373.04797
vehicle 0.9444714 7.821947 170.96623 308.91138 316.09488
vehicle 0.9179678 273.56216 181.17358 462.97095 264.3949
vehicle 0.81783605 700.56696 192.06947 809.1267 256.31796
vehicle 0.7682478 547.3607 179.28036 587.09985 201.80096
vehicle 0.7218494 479.9372 177.40414 542.0019 209.38681
vehicle 0.6504009 473.2946 182.98311 543.09045 220.25684
vehicle 0.6397149 710.70386 190.05264 797.67914 233.53983
vehicle 0.6131924 9.51076 168.69832 227.78497 280.1386
vehicle 0.58061445 624.32574 177.4818 651.51245 194.58568
vehicle 0.5222848 399.43237 177.79973 478.26218 202.92583
vehicle 0.47807014 77.23625 172.98267 320.79706 283.24573
vehicle 0.41969684 213.3154 175.23616 430.57474 262.6714
