vehicle 0.79750913 342.5373 130.8638 491.61212 252.00641
person 0.7683818 489.92096 188.89993 520.5147 221.4226
vehicle 0.7561973 0.0 213.97401 249.16563 371.99225
person 0.75197136 509.64407 181.31113 528.41394 201.19815
vehicle 0.71930104 264.51852 189.07881 346.24368 246.81479
person 0.68840545 558.6408 185.42747 574.57837 201.3283
vehicle 0.63160485 42.484383 189.42749 148.82492 223.30283
vehicle 0.57572126 0.0 212.18184 183.96902 298.926
person 0.5081494 549.2835 189.61668 575.9822 213.81848
vehicle 0.47838312 17.064299 196.83041 186.68326 270.98846
