vehicle 0.93594974 323.85846 194.41898 501.56802 312.02536
vehicle 0.9041126 55.44232 189.40771 268.12683 302.62323
vehicle 0.8026627 706.3446 7.6470227 1174.3801 303.64102
vehicle 0.8025926 644.17694 186.78427 694.6867 217.07289
vehicle 0.69387275 544.576 179.27786 578.25714 198.29153
vehicle 0.6646254 473.06473 179.36954 517.0443 199.00343
vehicle 0.63388973 462.7727 181.93842 532.97424 226.81311
vehicle 0.6305346 585.2998 184.98842 631.4743 215.23499
person 0.6132131 1065.977 170.33287 1172.4294 333.46545
vehicle 0.4992931 532.1552 183.24127 579.412 218.03107
vehicle 0.4825055 597.4228 181.07855 632.7328 203.1499
