vehicle 0.91323113 908.2373 197.30624 1239.2882 312.25995
vehicle 0.87653816 705.5637 185.15718 780.0407 221.18935
vehicle 0.8687871 616.2769 177.58461 653.4278 197.36823
vehicle 0.80962133 50.04114 183.45734 372.78433 277.856
vehicle 0.78749204 789.128 178.76492 989.49097 248.1284
vehicle 0.7870615 463.3564 175.0915 534.10004 208.02618
vehicle 0.7580463 543.6936 176.037 586.04333 196.88809
vehicle 0.7109278 672.01025 177.63828 711.85785 204.2001
vehicle 0.6216863 5.086549 223.36935 146.44217 356.5468
vehicle 0.60774505 358.94214 176.68047 483.99557 235.75415
vehicle 0.55078125 278.2978 176.72656 460.96817 247.44008
