vehicle 0.97359854 196.54955 162.5939 484.88385 333.89417
vehicle 0.87611175 980.84424 239.62427 1163.4409 364.43768
vehicle 0.81704503 892.48035 224.96773 1036.8982 337.44806
vehicle 0.8167909 934.2512 233.32054 1097.3776 359.75928
vehicle 0.786345 480.47763 185.40761 544.94507 235.49182
vehicle 0.7781216 539.6111 180.81223 575.7813 199.1783
vehicle 0.7216685 0.0 235.07072 262.0475 375.0
vehicle 0.686839 614.8238 182.38234 643.3126 197.55026
vehicle 0.6395579 808.40955 212.8839 952.37054 318.56714
vehicle 0.63868827 643.2915 182.54527 717.497 226.59563
vehicle 0.61770743 1025.4655 247.25392 1217.6442 368.86893
vehicle 0.5337953 651.41016 180.90805 704.1962 198.99866
vehicle 0.4498688 869.33655 214.39587 1019.97925 307.13687
vehicle 0.42453435 509.26318 186.36299 555.1478 221.24861
