vehicle 0.90607107 672.45605 204.52675 904.2576 317.6958
vehicle 0.86417186 393.7527 194.70883 443.56085 216.54126
vehicle 0.8149068 61.46729 213.897 252.77687 347.26086
vehicle 0.67271173 1002.36084 170.9481 1241.7156 372.99594
vehicle 0.6317088 546.895 196.2116 583.685 215.28134
vehicle 0.61011845 503.4439 188.69794 521.31604 196.76231
vehicle 0.5768028 566.65326 197.5368 624.46106 225.50021
vehicle 0.5738202 549.34766 189.64767 574.4587 197.72102
vehicle 0.46774307 223.6913 202.01593 258.95428 221.61671
vehicle 0.45033202 4.0159698 247.08694 97.510605 371.5638
