vehicle 0.94683075 735.9802 196.29414 908.66644 291.63083
vehicle 0.89568657 530.0591 177.31728 581.23285 204.2894
vehicle 0.818548 193.82803 176.55182 403.96304 270.2245
vehicle 0.7970006 469.22543 176.85388 522.78015 200.28708
vehicle 0.72240216 169.08572 178.07635 449.66125 246.9197
vehicle 0.68306816 70.524086 181.2857 310.64044 339.18982
vehicle 0.63996017 662.0569 180.71555 698.377 202.16815
vehicle 0.602818 256.69348 176.076 422.49588 253.60681
vehicle 0.52630264 373.382 178.2918 492.70514 240.03183
vehicle 0.41043225 627.3848 175.70862 655.5674 194.20508
