vehicle 0.8641321 545.9317 175.86646 595.23944 199.61072
vehicle 0.80230343 1060.2751 159.35847 1100.7437 171.9929
vehicle 0.77627325 866.56226 163.61687 908.1819 174.97092
vehicle 0.7693767 1137.5552 158.8424 1173.6475 169.90665
vehicle 0.7662058 439.9395 175.68863 535.4139 214.19846
vehicle 0.707046 590.6097 175.59474 627.4552 194.66257
vehicle 0.6785916 816.13556 166.75633 848.443 178.10405
vehicle 0.6378077 57.539257 188.4248 214.2692 232.12634
vehicle 0.62326777 220.31152 186.90694 363.25903 243.28957
vehicle 0.5995216 1006.49744 161.60823 1044.243 175.31886
vehicle 0.5295177 695.5675 172.82224 721.30817 189.84886
vehicle 0.49719262 405.55035 175.34523 465.80875 204.89656
person 0.44728866 695.5675 172.82224 721.30817 189.84886
vehicle 0.42628714 745.728 169.63783 772.01685 182.09583
vehicle 0.416028 956.3071 164.33575 988.5204 176.73381
