vehicle 0.9473069 124.48271 180.0453 420.07324 314.74945
vehicle 0.9301069 974.93805 205.82253 1242.0 373.91995
vehicle 0.9228618 10.478032 181.34644 207.01242 271.3093
vehicle 0.8764652 808.2006 188.29369 1022.2372 299.49646
vehicle 0.8187674 540.3424 169.26003 582.7693 198.8493
vehicle 0.779864 383.2373 171.74841 484.56216 216.35663
vehicle 0.71334845 605.54755 178.04787 646.21686 200.9359
vehicle 0.67826355 455.67834 172.04503 521.14264 212.73883
vehicle 0.5765105 624.15717 167.59721 651.71375 179.01428
person 0.5684366 813.06116 175.77568 843.3906 199.12682
vehicle 0.5344868 552.37897 162.81639 587.29395 180.4386
vehicle 0.49394473 584.29193 180.59723 653.7908 219.09213
