vehicle 0.8261375 49.166924 211.33481 139.94136 250.41191
vehicle 0.6982507 355.4817 180.89326 397.96426 202.69113
vehicle 0.6778675 994.4059 80.31337 1033.099 128.28157
vehicle 0.64662945 423.97684 177.73167 450.8307 196.85959
vehicle 0.5439392 289.05008 190.57216 330.3004 212.03658
vehicle 0.5280262 192.11702 200.9484 254.53587 240.93727
person 0.50130826 565.4207 177.88986 585.88 195.45326
vehicle 0.49466068 219.0789 198.3783 265.01022 225.83447
vehicle 0.4425307 565.4207 177.88986 585.88 195.45326
vehicle 0.4157873 489.58066 179.60924 509.41443 191.89326
vehicle 0.40155426 119.82412 209.5836 182.04366 243.3895
