vehicle 0.9900866 716.1124 114.01874 1040.1158 319.11792
vehicle 0.83873576 4.885218 145.34717 308.72446 352.91367
vehicle 0.6886779 471.87793 177.8855 526.802 204.35922
vehicle 0.6220641 663.5401 188.99527 702.1952 212.5815
vehicle 0.6194937 544.23376 179.60013 580.74646 202.9349
vehicle 0.56727326 377.40442 182.36565 476.92017 237.23631
vehicle 0.5355572 583.2572 189.12276 632.05 214.79065
vehicle 0.51846766 597.27905 180.992 634.7663 204.10606
vehicle 0.44132116 659.66437 181.94836 698.66815 205.74586
vehicle 0.4395924 340.5902 180.84369 477.4416 253.11778
vehicle 0.40445793 307.97183 179.58246 451.0346 259.45975
