vehicle 0.97354126 801.3128 189.50285 955.6713 282.08627
vehicle 0.89399606 200.37808 173.4138 475.6039 285.9097
vehicle 0.8830219 899.74164 190.91261 1240.244 371.6441
vehicle 0.86861944 462.17654 167.96562 522.9107 204.73875
vehicle 0.8618566 597.5763 175.15176 654.01447 208.10046
vehicle 0.71498865 0.0 174.61118 115.392525 284.33047
vehicle 0.682126 93.21298 177.47665 244.60512 258.33118
vehicle 0.6212334 547.5748 161.39998 580.6466 181.54015
vehicle 0.55802447 622.0429 162.57628 652.9598 175.48854
vehicle 0.51207894 689.94763 176.88495 715.0193 198.58693
vehicle 0.41200116 419.01688 164.48213 471.64163 180.95682
