vehicle 0.93771166 55.13838 191.21567 268.7572 313.04062
vehicle 0.93723136 726.3713 218.0956 950.0147 326.01437
vehicle 0.9189111 878.8662 220.14575 1242.0 374.49683
vehicle 0.8417424 579.777 187.53307 631.50885 224.78903
vehicle 0.8220409 256.8185 206.71252 506.53247 352.71478
vehicle 0.6463496 446.33508 199.12485 530.82434 250.75366
vehicle 0.52306384 531.7483 187.08098 584.6818 226.60223
vehicle 0.50926507 760.16504 238.5797 912.7324 347.22195
vehicle 0.47157398 714.67816 194.14946 786.05334 219.06378
vehicle 0.42202848 548.9441 180.4453 583.7156 200.85602
vehicle 0.40226537 710.5509 203.1537 801.34625 254.4151
