vehicle 0.88809484 384.72037 175.87556 458.8324 209.95764
vehicle 0.8289278 622.5864 176.86098 668.1123 190.77708
vehicle 0.7116612 552.0081 176.9712 584.52203 189.54512
vehicle 0.7002044 630.7833 171.36064 654.85236 180.50307
vehicle 0.6889882 470.33426 175.5937 506.89685 193.98328
vehicle 0.68559766 77.64486 176.85866 232.74069 261.99866
vehicle 0.6327406 672.4702 170.23546 704.0167 180.62852
vehicle 0.57317114 855.9308 158.1008 906.7099 172.7089
vehicle 0.5665081 0.0 186.47575 84.65111 304.19687
vehicle 0.5103364 672.16095 174.27562 701.16315 189.87906
vehicle 0.47828183 831.7988 158.01164 854.0903 171.06381
vehicle 0.41818097 930.1126 153.26144 1001.65985 173.95514
