vehicle 0.93492866 879.87177 183.12663 1137.7772 269.39972
vehicle 0.84750295 387.02603 189.27457 465.2389 230.65346
vehicle 0.7675947 447.6396 186.52568 519.83405 217.93936
vehicle 0.74686736 4.3037853 162.68536 305.79364 345.8464
vehicle 0.6233261 0.14360695 161.26387 307.9697 346.12723
vehicle 0.565453 479.88986 182.64459 533.57684 203.37897
vehicle 0.54614246 328.39154 191.82278 401.2008 229.41318
vehicle 0.51422435 308.99774 195.08475 389.56464 256.0527
vehicle 0.49655184 621.48584 181.57988 646.7562 199.02559
vehicle 0.48591787 540.96686 182.05121 573.3677 198.0652
