vehicle 0.84616965 742.5885 180.29692 779.0719 194.02682
vehicle 0.8156854 619.82245 185.80957 644.59326 199.23889
vehicle 0.7647848 681.4082 183.06932 709.2243 196.54025
vehicle 0.7532374 864.5208 184.74629 896.984 195.53221
vehicle 0.7197111 1096.9666 183.6318 1165.2882 206.00044
vehicle 0.60399014 671.5867 191.87654 708.0653 217.42557
vehicle 0.6018473 609.0788 188.50443 641.5068 216.39622
vehicle 0.5664202 958.6391 188.68094 981.6011 199.82475
vehicle 0.5540976 808.32306 180.08397 839.5935 191.17653
vehicle 0.54490703 1016.377 188.31848 1041.9991 201.01869
vehicle 0.54145956 566.4783 185.5757 592.8039 203.11403
