vehicle 0.95914704 768.61584 195.51442 1092.0308 340.39667
vehicle 0.9534619 7.0207963 200.38654 338.2921 365.68164
vehicle 0.9259022 475.77133 190.23482 530.7234 215.93007
vehicle 0.86968595 624.49115 180.62157 653.5882 193.86998
vehicle 0.8278434 299.74554 197.11237 427.01483 279.28305
vehicle 0.7374171 681.77014 181.24808 709.7041 197.16597
vehicle 0.72019213 712.3976 185.64418 793.61755 236.6049
vehicle 0.7164586 721.9727 186.47139 891.3236 270.89236
vehicle 0.5421665 1003.44275 222.80534 1238.9617 372.8981
vehicle 0.4618407 938.9395 217.2215 1210.6045 354.08466
vehicle 0.443782 549.69147 181.1212 569.1229 192.38351
vehicle 0.4402415 497.35663 183.31662 532.951 200.06479
