vehicle 0.87283576 495.93176 185.126 512.9494 193.99742
vehicle 0.8258149 557.57623 183.93665 577.39545 193.94524
vehicle 0.7756392 607.16174 185.92276 627.3184 196.5155
vehicle 0.75833267 9.77472 191.85098 188.55667 263.63977
vehicle 0.74968094 447.00397 187.05696 464.88724 195.74625
vehicle 0.6070901 534.68134 190.70897 574.5826 216.81616
vehicle 0.5317486 580.2656 189.6062 625.2275 218.97076
vehicle 0.5219403 501.93463 193.93256 531.3212 213.71654
vehicle 0.5150561 691.7985 186.65063 711.8882 197.77089
vehicle 0.49213427 368.007 190.46065 392.87082 201.44719
