vehicle 0.93007594 839.70447 180.27963 1075.1475 255.68404
vehicle 0.87746227 384.02225 189.45685 474.86423 232.19727
vehicle 0.8653676 3.6518304 170.96341 344.54416 350.35608
vehicle 0.7980457 451.21152 185.46791 517.3105 216.8131
vehicle 0.70779556 546.6688 182.16985 576.8285 195.97012
vehicle 0.6300501 482.8422 182.14352 533.35364 202.71335
person 0.5905494 652.3596 189.22725 703.4716 222.81946
vehicle 0.56389374 339.0796 190.83255 407.86404 228.5879
vehicle 0.50241363 610.4291 180.89514 637.3907 200.52664
person 0.47472525 610.4291 180.89514 637.3907 200.52664
vehicle 0.41873443 5.2540026 174.45221 339.8655 337.92355
