vehicle 0.96986693 6.3174195 194.01463 298.72913 371.25885
vehicle 0.93707275 280.85724 181.39185 443.77274 291.41382
vehicle 0.86559826 612.9909 180.18887 635.91437 192.24492
vehicle 0.8653642 566.1041 183.6982 592.52026 196.87553
vehicle 0.8433978 680.84296 178.31197 706.9731 193.70393
vehicle 0.6654943 461.79922 188.24022 518.8438 232.88983
vehicle 0.5823814 711.8256 178.26321 772.2663 211.46864
vehicle 0.50754315 94.85919 175.59491 206.75902 203.71666
vehicle 0.41570702 692.76996 174.5601 788.5491 223.20755
vehicle 0.40559354 687.7179 175.29524 704.1714 182.67094
