vehicle 0.9448677 3.6753163 199.90031 372.88443 370.06842
vehicle 0.91241115 1062.644 160.36542 1237.2784 254.35292
vehicle 0.8003781 836.9317 168.1849 929.67487 217.06995
vehicle 0.687421 947.9332 160.22658 1077.6622 238.59474
vehicle 0.5354351 70.2396 207.97087 101.28119 220.02632
vehicle 0.5272845 759.64264 163.21948 878.3432 207.99246
vehicle 0.48655477 892.1592 163.88252 979.06134 218.87956
vehicle 0.48579517 415.08893 165.84784 570.614 245.6836
vehicle 0.42445436 172.20404 197.10039 253.32077 211.21413
vehicle 0.4215457 17.329369 207.17354 46.87919 220.92007
vehicle 0.41167608 689.75397 172.2691 856.8635 266.17416
