vehicle 0.91237515 270.9879 196.27588 468.04758 321.75134
vehicle 0.8790837 44.781723 211.06982 287.26932 354.76672
vehicle 0.8400574 962.0736 266.47052 1154.6388 374.3845
vehicle 0.8330922 914.3009 248.0217 1109.0402 360.61838
vehicle 0.8301133 658.0213 188.13045 725.90643 221.96428
person 0.81536055 1090.2628 199.60193 1206.8347 366.33627
vehicle 0.81439143 552.747 184.55539 583.02844 197.42685
vehicle 0.7579236 540.5465 191.47249 576.8495 217.78706
vehicle 0.73128355 785.63666 204.38081 853.9469 260.18454
vehicle 0.640657 734.0721 204.49496 787.4754 252.32228
vehicle 0.6088397 612.5871 184.22887 642.234 197.1758
vehicle 0.5647737 899.2232 239.96385 1035.9646 356.4384
vehicle 0.5434629 1051.3092 246.27806 1219.5648 371.08148
vehicle 0.4094463 740.3525 217.20338 800.689 267.23395
