vehicle 0.92252225 319.97052 172.51921 565.35516 309.49667
vehicle 0.8566039 1108.7361 154.45822 1193.1133 175.91826
vehicle 0.80349463 879.41565 164.32585 910.35 173.75392
vehicle 0.744125 754.5145 171.72469 773.0351 180.88321
vehicle 0.72967744 933.54443 164.50021 968.14856 174.80957
vehicle 0.7100759 68.12339 193.44464 245.3612 256.2922
vehicle 0.7088432 812.086 164.69849 840.2937 173.7098
vehicle 0.70096886 1049.1943 159.0808 1101.249 176.81416
vehicle 0.63324356 1175.4581 152.79482 1237.2566 173.72845
vehicle 0.54438365 1031.7242 162.17854 1068.4844 174.62744
vehicle 0.52979386 697.1141 172.8948 716.33685 181.86629
vehicle 0.50517195 280.62714 189.05667 322.80118 213.03436
vehicle 0.47509393 683.29175 174.87047 701.81555 188.22415
person 0.47322115 683.29175 174.87047 701.81555 188.22415
