vehicle 0.9382737 38.04517 198.84134 280.5909 299.96463
vehicle 0.9116661 219.6185 184.04274 383.92578 275.99826
vehicle 0.8529122 367.15985 177.0053 493.6157 230.43784
vehicle 0.8392044 756.2667 199.86646 974.8771 328.8883
vehicle 0.79657084 121.5748 197.1029 304.61267 288.69238
vehicle 0.7671394 6.611444 199.49352 243.1008 328.2743
vehicle 0.70412886 626.0033 175.27063 658.1805 196.77977
vehicle 0.62413996 652.9938 182.44461 733.2156 239.45354
vehicle 0.56693166 536.3683 177.66725 570.4 196.4699
vehicle 0.5270062 492.34357 178.90843 530.2611 203.46297
vehicle 0.50351095 400.98697 177.40527 480.95084 205.75485
person 0.40351397 157.9458 186.1304 183.47269 202.37515
