vehicle 0.9297438 200.40749 185.10092 405.57367 275.58533
vehicle 0.89949787 943.9613 220.84207 1242.0 372.9406
vehicle 0.7867487 695.408 191.18889 769.5005 233.24481
vehicle 0.76010275 567.0032 182.49814 632.17645 223.2667
vehicle 0.75553083 64.147865 183.79715 163.14908 225.94098
vehicle 0.74401784 471.66434 174.36082 527.136 201.1865
vehicle 0.737778 374.17554 183.46393 494.55048 239.99939
vehicle 0.5432124 72.94875 185.46075 218.80028 229.99144
vehicle 0.46737328 536.65674 178.95505 575.33124 203.07977
vehicle 0.44028106 593.0186 179.14275 640.60657 206.50677
vehicle 0.42642304 659.2795 190.90698 712.60284 226.27657
