vehicle 0.85020965 1108.8987 154.49226 1192.9225 175.95416
vehicle 0.8123708 878.46686 164.39087 909.0392 173.87512
vehicle 0.8080126 0.7261224 197.15666 272.9115 337.0587
vehicle 0.74576044 934.4899 164.53757 967.22095 174.71684
vehicle 0.7304797 812.72125 164.01254 841.3545 173.89668
vehicle 0.7026725 1049.2654 159.75061 1099.7856 176.62662
vehicle 0.65120983 316.6477 161.2916 569.6425 303.1092
vehicle 0.60830104 1177.2437 152.94128 1237.594 173.59955
vehicle 0.58541393 686.7694 174.6088 721.1372 200.28763
vehicle 0.5180336 1031.7721 163.03146 1067.6923 174.59062
vehicle 0.4837038 316.6477 161.2916 569.6425 303.1092
vehicle 0.45602474 771.5461 168.55627 790.697 178.5188
vehicle 0.40526533 691.5848 168.60623 714.0757 179.40451
