vehicle 0.934031 49.367447 184.36559 319.2351 322.9249
vehicle 0.7998778 575.10034 181.59708 635.75684 220.48636
vehicle 0.7167158 603.9414 177.64018 644.2573 201.75641
vehicle 0.6824542 548.98004 177.89777 582.0471 197.94403
vehicle 0.6719305 446.75314 176.1764 526.27203 225.98865
vehicle 0.6624698 1105.7832 179.99774 1198.1128 202.61804
vehicle 0.55369735 667.43616 178.19437 707.7568 202.52441
vehicle 0.5526148 208.09528 127.54784 449.36652 288.82327
vehicle 0.47763708 1184.8671 176.61334 1236.8989 201.73125
vehicle 0.4643339 208.09528 127.54784 449.36652 288.82327
