vehicle 0.9308419 2.3513637 202.23796 169.64366 289.3669
vehicle 0.8193207 326.6053 189.93857 406.6086 223.08406
vehicle 0.8105233 458.16174 186.01947 509.71988 214.3326
vehicle 0.7970054 724.27673 182.42627 810.7033 231.7508
vehicle 0.6487655 767.0985 185.94237 844.6646 232.52621
vehicle 0.64089626 693.1688 181.05167 725.688 204.29185
vehicle 0.6400951 398.9475 187.00954 448.8212 217.59932
vehicle 0.49064055 557.99133 182.2648 581.3684 201.8455
vehicle 0.4647896 739.3921 179.9817 782.09143 204.4788
vehicle 0.45247892 213.20483 191.32611 267.0874 227.45323
vehicle 0.42286482 598.24115 184.11041 678.6634 218.21117
vehicle 0.4128147 497.17383 182.13258 533.0401 206.52678
