vehicle 0.9329898 584.33545 193.26659 762.21686 282.25327
vehicle 0.8670863 66.94505 213.57217 216.99904 311.76016
vehicle 0.8566805 19.574795 215.87886 191.01794 332.0354
vehicle 0.8328316 474.64563 190.77617 518.9568 216.84581
vehicle 0.8110869 432.1903 182.97714 454.52838 193.4822
vehicle 0.7532423 350.72922 185.65306 380.12042 199.70137
vehicle 0.7457601 321.35602 188.48563 371.0958 212.75278
vehicle 0.7308784 1.241836 221.99214 147.6706 346.2356
vehicle 0.69519836 483.77408 186.11122 511.3826 196.70782
vehicle 0.6572984 756.39233 128.29076 1241.3977 372.50873
vehicle 0.48580998 497.44928 196.94397 559.11273 221.1163
vehicle 0.43237296 689.91473 169.4868 776.58093 203.7872
