vehicle 0.95010585 913.8275 198.09077 1239.763 311.04938
vehicle 0.9225052 205.02783 191.58862 399.53485 293.83612
vehicle 0.8769775 741.89966 186.45123 864.59155 235.29529
vehicle 0.8645889 545.606 179.72604 581.561 196.09154
vehicle 0.8553066 107.81916 194.08188 343.19897 292.5059
vehicle 0.80382365 0.0 194.12932 251.6896 351.33792
vehicle 0.7849076 241.62282 178.27437 422.0238 266.72583
vehicle 0.76221424 621.1159 180.99768 655.6047 202.21252
vehicle 0.7133354 71.22494 196.53505 281.9546 298.8268
vehicle 0.7108562 456.55408 178.40958 533.6057 212.09274
vehicle 0.49189788 446.73083 183.43471 517.4097 217.06537
vehicle 0.45255175 871.0501 184.32512 1052.5139 278.6209
