vehicle 0.9742587 178.57573 201.725 458.95206 369.92218
vehicle 0.83595854 4.9350395 208.91919 276.91064 368.7116
vehicle 0.8196628 661.31085 191.08862 722.3149 220.76811
vehicle 0.7831993 794.33014 204.2065 938.27405 286.53226
vehicle 0.7711214 536.9492 190.60062 581.2436 219.89766
vehicle 0.76574075 550.08185 182.59291 586.21747 199.01746
vehicle 0.6896675 617.32086 183.44664 648.6964 198.34482
vehicle 0.620362 1090.5798 284.8611 1239.0374 374.4704
vehicle 0.590725 407.9628 177.34274 535.17004 264.91995
vehicle 0.56746364 751.7227 201.86198 901.9627 280.1182
vehicle 0.5506624 671.8964 184.29292 722.86206 198.09741
vehicle 0.44352546 728.8363 205.1217 783.91016 245.25226
vehicle 0.4114133 783.0349 207.70593 850.5585 257.16815
