vehicle 0.9575855 898.86957 201.04842 1237.606 371.23364
vehicle 0.9262114 733.44806 189.91214 967.04114 295.8486
vehicle 0.8985992 621.40515 180.34805 648.11273 192.28427
vehicle 0.8543704 161.00555 196.2351 388.7373 313.13663
vehicle 0.8521738 482.96292 191.60904 529.6403 214.55403
vehicle 0.78253 709.157 185.87334 776.6287 229.53531
vehicle 0.77513206 683.6308 180.66904 711.51855 195.45355
vehicle 0.7491887 375.8971 196.96706 452.22443 256.6465
vehicle 0.60275 404.15598 196.58118 451.82803 222.73964
vehicle 0.5441055 564.0457 182.32822 583.5813 193.50449
vehicle 0.5074667 496.85413 184.10992 531.0971 201.85153
vehicle 0.40809408 689.12695 191.26381 725.2054 219.80595
