vehicle 0.95682114 214.25221 171.53906 518.8912 331.08804
vehicle 0.84965205 1109.4115 154.99374 1190.3492 176.09691
vehicle 0.79234034 879.363 164.84547 909.6186 174.03735
vehicle 0.7369107 814.84955 165.03639 842.7581 173.86034
vehicle 0.72002804 931.22107 165.03716 967.316 175.02838
vehicle 0.7090501 752.58466 171.6397 771.3926 181.28676
vehicle 0.6999444 1049.4689 159.81595 1100.2104 176.68007
vehicle 0.6349384 1178.3317 153.33913 1236.7716 173.72542
person 0.62400186 685.4423 174.87415 704.1352 189.17319
vehicle 0.551504 100.1519 192.87521 249.40944 254.00803
vehicle 0.54023993 1031.3077 162.6866 1068.2764 174.94618
vehicle 0.49097544 522.33105 174.91219 565.24945 193.05562
vehicle 0.42847127 685.4423 174.87415 704.1352 189.17319
vehicle 0.41813388 477.7911 176.57664 523.5814 198.21265
vehicle 0.41251975 695.4351 171.9656 713.59753 181.76993
