vehicle 0.8468889 620.9697 179.62003 653.94354 199.57115
vehicle 0.82958174 482.16043 179.0003 526.14417 204.65993
vehicle 0.6976571 542.01044 178.26808 575.13367 195.86972
vehicle 0.6915872 221.88994 185.22966 386.7741 273.12244
vehicle 0.64924574 130.33366 195.32585 325.83707 303.01053
vehicle 0.629912 686.25616 176.63527 815.99725 265.7397
vehicle 0.56957155 398.63818 181.4305 469.7661 231.6554
vehicle 0.5421882 659.30365 189.40555 703.31384 220.06114
vehicle 0.5366518 275.9607 175.09033 416.65546 252.98053
vehicle 0.52588797 668.093 182.60233 697.20935 199.59444
