vehicle 0.8108462 406.76852 184.92693 471.381 223.49315
vehicle 0.77571553 776.2126 180.66356 960.4869 246.03621
vehicle 0.7724764 484.54147 179.60379 529.87 200.71861
vehicle 0.7273234 143.48882 170.18848 396.69525 267.0733
vehicle 0.72260493 563.9218 179.67967 592.4011 193.56528
vehicle 0.70885944 59.25749 188.92606 313.3164 320.7603
vehicle 0.5500127 1.3161333 197.91975 221.8156 328.68884
vehicle 0.53577363 439.81857 182.50455 516.2267 216.87424
vehicle 0.5187463 604.8332 180.06734 632.3013 200.3232
vehicle 0.50309205 417.33624 182.46187 456.734 200.1898
