vehicle 0.87619805 199.22612 186.12213 280.6655 235.47893
vehicle 0.72825474 584.42365 182.07492 669.5382 236.91948
vehicle 0.6622538 550.034 178.08708 581.607 198.50638
vehicle 0.63279843 614.2131 175.44371 646.9644 195.28455
vehicle 0.6099747 659.9832 173.30493 698.2963 201.21225
vehicle 0.55263466 710.83466 169.17334 779.7019 210.46953
vehicle 0.44106916 629.02893 168.00755 650.622 179.77977
vehicle 0.4271617 674.88544 165.88051 704.9677 178.48476
vehicle 0.40654743 472.48734 186.66162 517.9702 219.62834
person 0.4049343 447.01587 176.69502 467.15942 202.59583
