vehicle 0.9617631 775.00104 200.1766 1068.5798 372.30917
vehicle 0.9238396 54.894302 172.60667 308.8275 307.64227
vehicle 0.72256666 622.0325 178.71136 650.51495 195.3643
vehicle 0.67128897 531.13806 177.39476 564.7635 196.93373
vehicle 0.6242269 313.4227 180.8894 420.5524 235.49767
vehicle 0.6164084 659.78613 178.85435 700.4818 198.59212
vehicle 0.6044233 648.3213 183.04677 709.5813 233.23175
vehicle 0.54547566 96.74025 180.97493 339.21683 286.731
vehicle 0.5385058 497.03064 175.85109 530.9265 204.89474
vehicle 0.50487113 0.0 168.44197 227.24634 339.38663
vehicle 0.500834 379.31403 167.43602 493.46072 222.37024
vehicle 0.4934652 362.73758 171.9644 473.37408 230.99187
