vehicle 0.93798476 6.8019853 216.66109 345.84512 375.0
vehicle 0.8193354 829.0987 163.68318 1043.449 275.64413
vehicle 0.77011114 457.73404 188.6284 539.38745 237.02672
vehicle 0.7318498 739.80066 174.19969 784.4203 208.20331
vehicle 0.717056 315.7149 193.88048 449.53143 295.94525
vehicle 0.7011772 331.34024 185.21936 473.86176 279.50928
vehicle 0.59000397 515.5353 188.1425 559.5288 217.05936
vehicle 0.47429258 670.9082 176.70407 731.9249 210.56186
vehicle 0.43251646 653.763 175.92694 740.65674 224.16235
vehicle 0.42464745 813.42017 164.63441 847.9923 178.93584
