vehicle 0.962719 5.0392075 191.79797 317.19043 329.73798
vehicle 0.9497889 727.9415 179.70311 911.3113 284.9166
vehicle 0.89454633 454.83856 181.10611 525.9481 222.55508
vehicle 0.8269446 192.75685 187.26349 443.95135 254.1122
vehicle 0.8173868 548.2856 177.65182 589.5288 200.00531
vehicle 0.6830256 618.9505 178.09431 650.05646 193.9173
vehicle 0.6367478 678.94147 179.09633 717.8269 198.16362
vehicle 0.59653723 679.9684 186.20525 736.60144 220.70248
vehicle 0.5631838 394.52258 184.33255 482.7985 229.79839
vehicle 0.4934489 479.30753 178.93195 527.8303 207.3602
