person 0.6906553 88.44357 190.53604 115.69364 224.91856
person 0.6756225 158.98857 190.207 185.77403 230.14577
person 0.6715091 752.9262 177.53276 784.12866 226.695
person 0.5356263 437.0528 178.14055 453.0545 199.90804
person 0.53052574 223.0866 191.2927 249.60481 229.85141
person 0.52995974 504.43546 175.42084 517.4484 194.08858
person 0.5007178 756.09235 178.30412 776.29266 200.44986
person 0.47072482 84.051476 191.54994 125.61761 257.1252
person 0.4636591 149.00539 191.32469 188.8769 253.50433
person 0.4345785 213.10948 194.28174 254.71062 252.03539
