vehicle 0.94561195 215.26402 129.84949 489.87982 299.5169
vehicle 0.9407772 5.839229 195.56844 298.15033 369.2848
vehicle 0.5811028 738.50616 0.0 1238.6866 371.10797
vehicle 0.5785911 669.4282 172.47224 720.56476 200.38205
vehicle 0.5546221 539.8425 184.23106 720.231 329.64764
vehicle 0.5528758 484.9258 175.6422 522.6014 205.56189
vehicle 0.5273551 228.23375 136.3418 483.2668 307.58734
vehicle 0.5261476 738.50616 0.0 1238.6866 371.10797
vehicle 0.51486045 545.7266 176.73138 583.9441 193.59181
vehicle 0.4536104 593.3828 173.69427 662.63293 193.7641
vehicle 0.42350897 666.9367 163.85265 713.36304 176.33893
