vehicle 0.8097936 832.1463 178.25754 1039.3346 307.7661
vehicle 0.8032543 667.8384 176.76979 715.2644 206.07404
vehicle 0.76564467 480.43994 178.31703 508.60065 193.02039
vehicle 0.6478932 560.7097 177.22845 585.1163 190.952
vehicle 0.6251646 1007.2197 165.43643 1242.0 371.31696
vehicle 0.5721595 716.9004 178.70781 774.28613 231.88452
vehicle 0.53484607 608.9348 179.93723 638.8381 196.47398
vehicle 0.5282736 743.6568 168.00839 898.91675 259.26068
vehicle 0.49531984 561.7368 173.90219 583.86847 183.25368
vehicle 0.45954058 428.41498 188.86732 477.3482 217.4649
