vehicle 0.9764816 801.96954 198.45186 1241.4768 370.8562
vehicle 0.9061634 2.822632 116.27897 294.0397 338.87347
vehicle 0.84530175 618.1443 179.10535 655.4433 196.10895
vehicle 0.8414279 455.21478 172.70132 538.34155 208.1775
vehicle 0.82833415 744.51776 184.4645 859.4097 231.08165
vehicle 0.7725948 357.37393 175.01935 480.2731 230.68909
vehicle 0.7008384 207.3937 158.5083 378.17636 271.99084
vehicle 0.647851 540.9293 176.51451 581.3657 195.5715
vehicle 0.59322923 0.0 188.81947 267.03412 342.25864
vehicle 0.5850106 674.5919 179.67984 710.36615 200.23083
vehicle 0.48587993 710.9013 185.6971 785.4888 222.33667
