vehicle 0.71183354 585.26 184.70053 672.61005 236.27467
vehicle 0.6300799 207.65248 193.93109 283.593 231.2821
person 0.628647 499.98114 182.22897 519.9482 201.03947
vehicle 0.54901356 617.35175 179.34695 647.0644 195.17726
vehicle 0.5225898 551.41223 181.4118 576.9501 198.18315
vehicle 0.47433296 676.5591 182.41792 738.3467 225.2119
vehicle 0.45405236 743.43506 174.97188 786.2664 202.58972
vehicle 0.44860825 352.6192 189.9947 404.48892 233.40544
person 0.42842856 551.41223 181.4118 576.9501 198.18315
vehicle 0.4149217 906.1089 203.103 972.97186 252.83427
person 0.40701222 490.55945 189.97708 524.90466 215.81976
