vehicle 0.93412 58.608402 176.4904 401.2154 286.89813
vehicle 0.72834826 467.4144 175.95117 525.1293 204.8402
vehicle 0.7145483 806.92096 184.21825 1242.0 371.87408
vehicle 0.65689665 617.4003 178.10413 653.5131 197.48274
vehicle 0.6377628 534.4366 174.91936 579.788 192.2309
vehicle 0.62789744 377.3512 172.62108 489.33954 215.34996
vehicle 0.61430705 367.1062 178.2366 475.62018 228.3517
vehicle 0.4905089 257.71793 177.24673 421.1713 271.4361
vehicle 0.4418809 803.8832 184.09927 1240.6058 375.0
vehicle 0.43977657 717.8442 177.67375 788.591 207.87135
vehicle 0.4061596 107.84315 174.32104 423.69217 244.96494
