vehicle 0.91067016 613.30316 177.01314 669.70996 205.31955
vehicle 0.8466771 1126.4799 153.72104 1170.5895 168.90321
vehicle 0.79430485 1010.3095 161.2001 1044.781 172.55212
vehicle 0.77989364 0.0 147.10117 374.1436 362.6279
vehicle 0.7727943 818.8346 164.65393 849.4312 173.52103
vehicle 0.76353765 1074.5314 156.75014 1109.7596 170.84686
vehicle 0.762922 868.7089 164.0413 904.42377 175.63919
vehicle 0.7171569 676.7818 175.20303 701.28436 190.80524
vehicle 0.71396774 418.43332 180.69922 527.3763 236.22429
vehicle 0.70115155 755.27765 171.68721 775.81714 180.49905
vehicle 0.6992587 481.24774 177.70288 530.4024 205.10475
vehicle 0.6845067 523.04803 175.7564 573.7059 199.26805
vehicle 0.5827661 699.7184 170.63927 720.8667 181.65617
vehicle 0.5809873 944.30286 164.86331 974.49854 174.16809
vehicle 0.44075593 1192.8809 154.29164 1228.2242 167.16286
vehicle 0.4112766 388.99957 182.44373 500.4422 237.05113
