vehicle 0.854532 417.6599 190.78114 457.1291 219.09644
vehicle 0.6827461 526.4059 183.08273 563.63904 202.4728
vehicle 0.67185706 8.332455 200.05394 188.51825 364.2608
vehicle 0.66366994 435.11206 184.64803 463.55676 200.68146
vehicle 0.5835246 108.43534 175.45178 252.80154 266.85425
vehicle 0.56765825 243.67865 185.66946 366.22723 270.52747
vehicle 0.5373732 521.75146 187.23878 568.0295 215.95331
vehicle 0.50071126 489.2445 186.95288 510.2427 200.64415
vehicle 0.48902434 339.94104 186.22665 404.2685 224.32039
vehicle 0.47306573 355.90344 180.9468 391.94547 197.10367
vehicle 0.4708249 631.7586 182.05528 765.42194 269.59363
