vehicle 0.9392521 179.88902 181.52036 437.97125 328.06628
vehicle 0.9342274 793.11005 189.04068 1041.3743 365.7607
vehicle 0.8837041 985.1868 216.43167 1242.0 372.5815
vehicle 0.80108845 786.0279 171.38338 853.7342 192.92418
vehicle 0.7407281 570.5889 176.00702 674.9252 229.66301
vehicle 0.72970414 800.224 165.48138 846.0956 184.34325
vehicle 0.70243645 722.2928 162.65964 763.43115 183.69656
vehicle 0.6197452 874.25275 160.96924 916.6669 185.98715
vehicle 0.6059407 914.42285 156.36441 981.50525 190.6041
vehicle 0.492966 964.0605 149.69931 1058.3506 196.60896
vehicle 0.4853977 657.2524 167.93942 716.4782 198.99313
vehicle 0.47644377 452.3484 180.04094 499.24545 197.17905
person 0.42636272 213.43799 194.18066 239.088 211.8903
