vehicle 0.94242704 253.82846 179.08922 460.29962 257.00018
vehicle 0.7525588 453.52582 175.58475 523.5319 206.44199
vehicle 0.7257387 622.11957 176.31587 652.55743 193.74995
vehicle 0.689137 836.77747 172.34349 1242.0 370.86505
vehicle 0.66962844 684.94995 177.24245 711.7647 192.83813
vehicle 0.6560287 213.982 184.95003 416.88992 269.98767
vehicle 0.6430291 836.77747 172.34349 1242.0 370.86505
vehicle 0.5609654 3.4368875 160.3614 259.9307 334.11545
vehicle 0.51199204 688.36584 177.19762 782.78564 234.25253
vehicle 0.479546 744.5234 176.34325 866.3869 224.56958
vehicle 0.4701151 167.86916 182.20497 306.99796 281.9813
vehicle 0.4534158 545.24146 176.71602 579.2569 191.75311
vehicle 0.43675497 354.08676 176.80719 486.9473 233.28741
