vehicle 0.89750063 744.48083 179.67395 783.47473 191.44354
vehicle 0.8442233 684.97064 181.31497 712.2675 193.95097
vehicle 0.8004213 802.4429 181.18304 836.5624 193.40112
vehicle 0.77370924 1112.9932 183.97232 1179.4894 205.72212
vehicle 0.7000861 1003.2788 188.05821 1042.4318 203.60439
vehicle 0.61933684 322.7751 190.33313 368.55103 215.47066
vehicle 0.60003215 631.2501 184.73805 654.5004 197.97116
vehicle 0.54609233 1074.5134 186.90167 1112.6981 204.20004
person 0.54318863 557.67804 187.95787 582.02985 214.58086
vehicle 0.54260564 1172.3997 185.00838 1229.701 204.8788
vehicle 0.48740253 950.51276 188.10852 984.4826 201.89665
vehicle 0.43776518 563.59045 186.21402 582.379 201.75699
