person 0.74840313 811.9747 176.59146 851.27185 243.97704
person 0.73090863 480.62793 180.29132 517.0757 232.97
vehicle 0.686592 879.03064 246.2024 1012.0244 368.0224
person 0.547792 677.02527 179.33665 708.3073 232.86386
vehicle 0.5265692 191.19574 214.51555 269.7663 275.61768
person 0.5233996 422.8199 183.23073 454.88925 242.42645
person 0.48047212 740.61523 182.70398 772.68445 236.48654
vehicle 0.4749227 158.72397 208.82758 275.75302 287.1306
person 0.45809293 684.9845 177.05408 707.17786 204.97359
person 0.43445203 624.18945 179.98004 650.5693 200.90643
person 0.42999512 568.70905 176.0594 594.96936 203.06119
