vehicle 0.9075052 185.42274 185.34958 368.62265 282.59076
vehicle 0.874865 475.51398 182.3437 546.13574 219.13762
vehicle 0.85309243 614.756 177.13618 658.01794 196.63692
vehicle 0.83905756 1.0899932 189.20352 206.66501 362.6277
vehicle 0.6965507 712.4547 160.5179 786.77313 186.38878
vehicle 0.63250166 535.5163 177.781 568.7048 195.1747
vehicle 0.54735047 691.42725 163.36815 788.9912 198.82608
vehicle 0.513642 411.7713 189.05284 454.54153 227.26941
vehicle 0.4904282 797.0291 157.42557 850.88684 176.7584
vehicle 0.42799157 861.5628 151.21606 921.3917 174.35971
