vehicle 0.88668334 544.32104 183.12518 577.9193 200.1603
vehicle 0.8806174 795.01874 195.87593 982.7251 297.6353
vehicle 0.8540833 922.335 196.5934 1239.6248 372.31628
vehicle 0.8093515 326.18066 185.76465 499.96204 263.97037
vehicle 0.80006814 461.29105 188.13388 517.8394 225.60071
vehicle 0.7004926 678.8342 181.45015 712.856 200.05042
vehicle 0.68657804 705.1046 182.11041 797.2274 239.04092
vehicle 0.6086324 634.84344 180.02406 657.7184 192.56725
vehicle 0.52355736 759.79254 187.22797 856.0305 232.09569
vehicle 0.44547495 204.0035 63.529964 248.27538 115.97972
