vehicle 0.8977021 787.6928 181.64561 1106.8246 363.87213
vehicle 0.7964515 438.5728 173.70914 525.30365 207.50746
vehicle 0.7595475 603.6273 177.77643 653.1121 198.57736
vehicle 0.7427304 383.94717 171.48965 504.48676 214.42319
vehicle 0.63285816 275.5806 178.02484 438.85016 263.009
vehicle 0.58031726 4.834573 177.95432 379.8191 287.37137
vehicle 0.57001346 85.42373 174.53778 454.4397 244.80057
vehicle 0.5399866 528.51056 176.1766 570.03033 193.6569
vehicle 0.47973123 1.8347709 185.25392 311.4156 357.33368
vehicle 0.41380426 714.4595 180.16414 779.3512 205.6773
