vehicle 0.91718453 451.22928 188.43274 504.42978 223.93391
vehicle 0.8636266 551.90796 182.45016 574.9373 197.21085
vehicle 0.6491572 173.77554 90.14418 207.52269 131.3835
vehicle 0.60492676 497.47238 183.07545 521.082 195.53471
person 0.5816959 969.6302 194.33627 993.0676 227.04492
vehicle 0.574864 203.47786 184.74893 257.12183 204.37018
vehicle 0.51526445 600.3658 182.27066 622.3082 199.66641
person 0.49576825 1014.4571 195.67218 1040.281 226.28065
person 0.4878072 1084.7039 194.90509 1108.4447 230.1541
vehicle 0.46779007 243.35313 181.52382 296.2364 204.81702
vehicle 0.43380487 550.02057 188.71918 578.32227 212.84448
vehicle 0.41546643 220.91107 95.83706 245.31905 125.053734
vehicle 0.40117916 79.09803 181.08276 135.29105 204.97736
