vehicle 0.9662809 134.27031 196.22166 330.99118 300.02646
vehicle 0.9067709 463.3686 183.41446 544.2445 224.48587
vehicle 0.86385953 619.5972 180.90343 659.9735 198.79283
vehicle 0.7578742 0.0 194.72165 147.52023 341.7942
vehicle 0.68968123 699.50195 164.93202 793.7963 198.2702
vehicle 0.66648465 716.9668 163.75455 788.404 183.9399
vehicle 0.6482635 555.7217 179.18556 581.3349 193.22766
vehicle 0.5763689 870.57654 152.32071 930.4266 179.03845
vehicle 0.5584622 388.80673 192.09116 441.5291 231.81378
vehicle 0.4726914 794.9825 159.7474 842.018 178.21866
