vehicle 0.9403002 2.564345 190.61732 296.43665 371.8612
vehicle 0.9338717 875.6655 200.6861 1242.0 370.53207
vehicle 0.83373886 577.7789 185.35684 649.274 220.3223
vehicle 0.7760623 762.7337 157.73311 946.313 287.3823
vehicle 0.75694454 544.68463 175.56743 581.4728 198.36064
vehicle 0.702782 616.0116 181.93652 646.6904 196.13861
vehicle 0.6842874 469.0343 176.9209 520.2154 206.28796
vehicle 0.5629364 175.09865 177.82811 439.28796 240.64304
vehicle 0.42145512 364.91284 179.17966 469.98157 236.08186
vehicle 0.4152319 450.38364 181.48114 511.07797 224.5673
