vehicle 0.9807053 10.581692 157.58112 268.25552 342.7089
vehicle 0.9348005 807.5177 204.2569 1211.788 372.7825
vehicle 0.8738768 732.5783 183.09177 876.4446 284.43698
vehicle 0.850309 671.14026 183.72435 730.6011 222.47292
vehicle 0.8218577 263.4847 172.65034 425.47958 268.0863
vehicle 0.7695637 620.4586 178.45271 651.4131 196.82953
vehicle 0.7459345 475.63138 173.71353 533.6029 203.9806
vehicle 0.69868726 664.6623 179.37451 708.71606 202.78316
vehicle 0.58714247 109.37493 163.64485 366.5614 284.08258
vehicle 0.5783997 210.25085 171.66913 390.87552 276.39957
vehicle 0.51540154 541.23114 174.25206 573.6092 193.31172
vehicle 0.45905924 365.65036 175.34254 473.81595 224.56644
