vehicle 0.93043166 815.3824 180.11215 1003.08997 277.43234
vehicle 0.8521949 2.2441604 192.59084 277.46466 338.91504
vehicle 0.8331796 941.08966 190.38184 1104.048 309.91776
vehicle 0.8210507 212.3314 168.89008 411.00037 256.58835
vehicle 0.75889456 106.47553 182.13788 305.51822 278.45203
vehicle 0.7551096 620.2786 180.06813 656.28705 202.02928
vehicle 0.7500593 490.7514 178.07652 530.25824 203.92896
vehicle 0.7266682 1033.7794 185.1264 1234.5524 368.31882
vehicle 0.6572416 552.90485 178.05568 580.004 193.24455
vehicle 0.55674064 749.9949 179.1955 847.83777 250.08105
vehicle 0.5399741 405.56326 179.21191 464.82983 199.19928
vehicle 0.4379746 379.0881 178.10709 483.23087 232.58968
vehicle 0.4015947 474.41794 184.67162 524.4954 215.64848
