vehicle 0.7728219 134.91284 208.3259 203.8552 243.77441
vehicle 0.72051454 983.56085 82.60708 1027.3132 133.66785
vehicle 0.6285474 4.562951 216.32893 96.841225 273.85657
person 0.5940583 563.444 179.46342 581.9303 194.22176
vehicle 0.5565395 311.4609 26.428698 404.03812 78.146
vehicle 0.5358203 937.7202 82.79947 991.88586 136.5401
vehicle 0.50531393 434.97015 183.39882 455.2544 196.0092
person 0.4879193 612.487 180.25658 629.749 195.50005
vehicle 0.45668504 259.0484 195.68326 298.19458 219.01688
vehicle 0.44338846 563.444 179.46342 581.9303 194.22176
vehicle 0.43691623 347.7744 181.38861 380.9045 197.95616
