vehicle 0.94309646 874.17444 222.09396 1237.6317 372.0054
vehicle 0.9396157 196.86794 170.99425 384.9531 269.84262
vehicle 0.8065607 0.07098453 155.02028 217.76176 345.7396
vehicle 0.75986034 489.53146 171.04326 535.7792 203.75552
vehicle 0.7352002 762.6858 194.19186 951.4664 319.77713
vehicle 0.66474867 618.76447 177.14713 648.3649 196.42134
vehicle 0.64509135 3.733739 226.19186 151.09662 370.70477
vehicle 0.6375649 534.8341 174.1781 568.5172 193.77
vehicle 0.6288823 361.39233 172.96996 472.23206 224.5302
vehicle 0.6025632 659.24817 177.84393 705.49274 203.91241
vehicle 0.58990115 663.8172 186.29234 742.18835 222.2206
vehicle 0.4555695 171.93076 177.48155 342.99997 302.88696
vehicle 0.41078943 552.42377 172.1371 580.07794 181.421
