vehicle 0.91654664 408.40088 182.2236 434.85925 193.58513
vehicle 0.88576066 494.25253 181.69221 514.1566 193.13623
vehicle 0.85066444 556.6479 181.62044 578.4577 192.70601
vehicle 0.76412535 606.25134 183.39536 627.6976 194.07327
vehicle 0.559184 497.66403 192.62416 530.74915 211.83383
vehicle 0.5391349 528.44727 188.13338 571.07263 216.70897
vehicle 0.5303324 695.6862 183.87007 715.57806 194.43839
vehicle 0.5150325 385.37302 181.78932 406.20224 194.2884
vehicle 0.5065225 580.03204 188.6933 625.24664 218.69371
vehicle 0.47229052 154.14366 186.72174 264.4877 236.03723
