vehicle 0.8580712 454.5845 171.69803 520.9599 200.25412
vehicle 0.8045304 0.0 185.4903 250.2021 350.72934
vehicle 0.80163705 680.16113 178.3766 848.4439 263.98645
vehicle 0.7640749 155.85486 174.67622 338.9061 277.80795
vehicle 0.74623656 198.27574 166.44887 378.37793 254.74736
vehicle 0.6386554 35.035683 174.3269 277.39478 288.14807
vehicle 0.5632192 670.774 175.74576 706.6115 195.92162
vehicle 0.548561 558.59436 167.03436 587.3203 180.24939
vehicle 0.5106574 618.89404 169.33138 641.1696 181.27419
vehicle 0.48582014 235.40128 159.13101 456.12228 239.16809
