vehicle 0.83735615 574.78296 179.03436 658.5739 230.36479
vehicle 0.82176197 1086.5144 228.79633 1242.0 326.0078
vehicle 0.8017265 241.13397 166.39488 327.86868 213.87181
vehicle 0.72418094 599.1837 175.12277 648.2952 200.11658
vehicle 0.67331403 462.8229 176.86053 515.693 210.54268
vehicle 0.6440156 675.17084 162.40837 705.65656 177.77917
vehicle 0.63645804 442.76434 182.89728 506.2253 219.801
vehicle 0.5392874 548.0325 165.37505 581.7444 179.20927
vehicle 0.5386694 541.9874 173.45375 573.72577 196.93243
vehicle 0.4624657 617.1176 164.24959 645.24396 177.53204
vehicle 0.45117912 675.2088 170.20253 709.54626 200.00256
