vehicle 0.98552763 24.75861 207.8602 320.95822 333.32022
vehicle 0.67149746 800.6009 195.92453 933.0303 284.6288
vehicle 0.6564719 478.23068 182.00714 535.1716 226.17838
vehicle 0.6204511 561.0748 178.59685 586.3254 195.34988
vehicle 0.6192183 719.7115 189.43979 773.2587 233.17058
vehicle 0.59390736 607.95447 182.10818 639.44415 199.15701
vehicle 0.5365092 1121.0564 171.52101 1240.5638 259.13788
vehicle 0.53523153 657.6104 189.76318 712.11975 226.16858
vehicle 0.53245634 492.75867 177.87021 542.4642 205.48984
vehicle 0.50242007 365.2228 193.5747 500.3071 268.33762
vehicle 0.4695217 662.4029 194.34973 720.1458 245.8992
