vehicle 0.97617185 860.6826 170.4688 1152.0662 324.3166
vehicle 0.95485353 12.319068 206.14748 279.41513 316.53397
vehicle 0.85916173 486.54828 178.37186 520.209 196.49379
vehicle 0.7434725 428.73825 178.49483 461.4387 205.46257
vehicle 0.72240245 529.33685 176.67554 561.8878 193.3273
vehicle 0.6845425 713.4071 177.20445 873.8128 250.08923
vehicle 0.6633212 606.2301 178.18173 642.42474 199.48885
vehicle 0.59980106 650.1995 172.07565 720.1501 202.81757
vehicle 0.5467174 569.72815 184.5911 643.01794 219.849
vehicle 0.44971126 346.91516 180.41983 408.15982 209.64952
