vehicle 0.9763752 261.79874 194.57951 447.8779 286.28088
vehicle 0.93019766 835.7575 195.45644 1124.8279 347.73328
vehicle 0.8998565 545.45776 181.37253 580.4027 201.42995
vehicle 0.80090225 753.0967 181.11743 880.92413 265.40927
vehicle 0.75435054 463.57526 190.91693 506.50702 222.74515
vehicle 0.7045388 622.33777 180.04272 643.15607 191.4563
vehicle 0.6799879 686.4094 180.75952 714.0305 199.16292
vehicle 0.64686644 402.5931 191.18236 483.76514 231.02202
vehicle 0.5949302 700.12726 179.06076 778.6853 237.56102
vehicle 0.5386419 218.91582 137.44797 248.47296 163.25179
person 0.43833885 1066.8474 185.46451 1098.0037 216.18336
