vehicle 0.95277995 204.61642 182.43246 420.76562 276.10754
vehicle 0.95252377 6.8383985 198.32419 313.74387 313.0762
vehicle 0.8365727 370.10684 178.1061 476.55072 228.34589
vehicle 0.72268444 616.81464 179.47705 650.27466 199.05972
vehicle 0.72109455 138.37228 190.89005 373.32742 284.2727
vehicle 0.6798768 714.4386 183.52019 921.8007 273.9783
vehicle 0.5654 549.936 178.73007 580.922 195.92955
vehicle 0.5129026 472.82672 178.79002 528.0303 210.78261
vehicle 0.486533 703.9764 179.37941 781.15265 198.5712
vehicle 0.44884434 256.43182 184.0687 442.82117 254.78156
vehicle 0.4382443 385.6226 173.96812 480.8497 216.88937
