vehicle 0.97561544 815.4727 189.47755 1082.3862 332.3729
vehicle 0.9069376 727.35394 169.3855 792.089 195.46541
vehicle 0.8193305 624.522 4.620169 643.9502 36.591904
vehicle 0.64075434 527.15216 174.57596 587.9528 201.07059
vehicle 0.530783 287.68512 185.10999 327.7108 202.99818
person 0.5222511 447.54843 178.34216 465.2503 200.32372
person 0.46740255 488.2681 179.26878 509.34628 202.89268
vehicle 0.44257843 900.24744 89.73975 931.08374 122.705505
person 0.42553702 239.45265 179.46046 258.90472 204.0912
vehicle 0.411013 745.0007 166.82835 785.68964 180.48174
