vehicle 0.9278399 530.53156 174.60402 583.8635 200.53857
vehicle 0.8588626 367.48904 173.93932 437.17807 213.34981
vehicle 0.7657139 450.5949 178.87666 540.9439 218.56526
vehicle 0.73261654 1071.7909 158.26964 1105.7853 169.37576
vehicle 0.6468029 1005.45465 159.03201 1044.3809 172.06825
vehicle 0.6184353 1192.8041 154.16998 1234.7368 172.02582
vehicle 0.58226615 601.83356 174.6954 632.6785 193.65674
vehicle 0.56384903 462.78784 178.34146 524.1912 211.31372
person 0.5334528 689.7582 172.9882 715.17676 189.58138
vehicle 0.48554462 0.0 186.03947 89.25939 246.32394
vehicle 0.47475308 1138.4939 155.80031 1176.9492 167.76543
vehicle 0.46602854 213.8521 185.92128 360.0392 243.82927
vehicle 0.42886168 876.07086 161.77324 909.3328 174.25774
