vehicle 0.85778946 69.79207 171.49799 329.8996 231.2248
person 0.722588 753.7082 173.42287 772.9073 192.8644
vehicle 0.60429657 460.35013 178.44049 520.0772 208.2364
vehicle 0.56156975 560.9429 178.19879 597.60736 198.89896
person 0.5552822 602.0495 177.4727 629.4985 194.32872
vehicle 0.51966107 602.0495 177.4727 629.4985 194.32872
person 0.5120117 705.685 174.50813 722.00244 190.35954
vehicle 0.47792143 875.82184 166.4426 927.1592 180.14702
vehicle 0.43848833 437.23404 181.89174 506.928 220.93224
vehicle 0.42800105 1008.7305 171.12547 1041.4827 181.70654
person 0.41289037 560.9429 178.19879 597.60736 198.89896
