vehicle 0.90036464 115.292564 187.9943 382.4161 287.11118
vehicle 0.8406208 1109.2891 154.73947 1191.6777 176.28528
vehicle 0.8181936 878.4742 163.97488 909.1263 174.22893
vehicle 0.80473703 811.1717 162.60211 841.9217 173.87865
vehicle 0.7423536 932.21655 164.33356 965.67596 174.93741
vehicle 0.7060456 1048.2362 159.86638 1099.8818 176.87871
vehicle 0.65188015 758.8842 165.75522 780.7529 178.36198
vehicle 0.631864 1175.6863 153.02623 1236.1252 173.70383
vehicle 0.6123189 682.2194 167.00102 710.1272 181.59946
vehicle 0.5938373 681.951 172.81741 710.4104 197.08507
vehicle 0.5419216 411.16104 161.49889 619.33813 272.26532
vehicle 0.50411534 621.51215 166.9953 671.17505 201.81198
vehicle 0.5028726 1031.6141 162.97467 1067.957 174.83066
