vehicle 0.90832543 806.7111 174.20383 1229.4622 372.62643
vehicle 0.8287367 2.6626 188.97627 225.35464 364.50214
vehicle 0.8276128 282.06302 181.86511 466.7397 255.8367
vehicle 0.7485042 452.80652 176.82036 529.3354 209.4763
vehicle 0.71818817 687.9933 177.7539 789.7982 233.898
vehicle 0.7101855 682.1626 176.90271 721.7413 193.97667
vehicle 0.7060178 617.6707 177.2245 648.9858 193.63748
vehicle 0.44580507 545.0296 177.7316 577.38794 192.2679
vehicle 0.42535585 350.85727 179.09697 487.2489 234.08203
vehicle 0.42122093 752.3527 177.52274 857.0471 225.21957
