vehicle 0.9418987 872.96313 233.40445 1236.5669 371.68784
vehicle 0.9162812 200.00298 179.51424 406.20007 269.3055
vehicle 0.91306466 272.04636 175.54745 429.87656 252.63535
vehicle 0.861833 154.81839 187.46886 390.32236 292.317
vehicle 0.80255073 460.71515 178.11182 524.7134 204.41913
vehicle 0.7907032 529.68665 176.94063 568.54376 198.63771
vehicle 0.7499608 722.25507 190.73282 879.37573 276.35556
vehicle 0.7297406 85.94833 178.72798 322.88013 299.15646
vehicle 0.65228266 0.0 173.04567 184.88817 361.37152
vehicle 0.52720696 367.8977 177.13289 452.64948 206.74994
vehicle 0.5248824 608.9632 173.76439 646.2081 194.14772
vehicle 0.46052048 16.390356 183.47346 307.35742 322.76837
