vehicle 0.9379505 79.57629 212.97853 223.93982 316.1734
vehicle 0.8965041 505.7012 198.79425 566.8336 222.25731
vehicle 0.88892984 609.8007 194.91832 785.70557 287.52274
vehicle 0.8170167 336.8312 192.21094 387.33102 214.80046
vehicle 0.7921999 489.23642 188.70447 515.26056 197.06398
vehicle 0.7707528 431.2552 186.90428 452.39764 196.1879
vehicle 0.6818928 811.7454 125.88287 1242.0 371.48367
vehicle 0.5355284 357.71603 186.69176 385.59137 198.2971
vehicle 0.42135718 709.3521 173.5942 799.78735 202.72049
vehicle 0.41416708 481.97363 194.65987 515.5506 212.23164
