vehicle 0.7966477 8.087311 194.89604 199.77748 284.3953
vehicle 0.76009405 484.37402 184.35542 516.8519 200.44296
vehicle 0.73085344 548.11163 183.60428 580.25854 201.16176
vehicle 0.6953597 380.23834 187.67282 480.88016 237.24725
vehicle 0.668772 572.3581 183.13638 618.3834 203.35251
vehicle 0.6230091 528.18695 191.45229 569.45404 214.32127
vehicle 0.61948174 206.07077 179.02206 354.9496 251.21075
vehicle 0.5098539 99.2471 187.8091 219.2662 231.89316
vehicle 0.4733399 474.96738 190.61214 510.64178 218.60776
vehicle 0.472473 368.95798 178.04185 492.7096 258.3441
vehicle 0.4143731 335.52155 185.5099 392.51236 230.16025
