vehicle 0.96870327 906.15265 183.79875 1229.9269 364.28714
vehicle 0.9150081 478.42352 180.7404 511.43677 196.53342
vehicle 0.7968128 610.2738 181.41554 641.58777 199.3041
vehicle 0.7483673 661.0726 176.95932 703.01294 199.91339
vehicle 0.72238755 557.0857 178.37064 578.61694 191.27452
vehicle 0.5801688 772.45074 169.95381 947.10803 288.77335
vehicle 0.47859275 593.2227 191.81818 643.5325 211.58252
vehicle 0.42108154 562.7088 173.7174 581.06384 182.89417
vehicle 0.41802192 702.29553 178.35452 777.00305 235.10617
vehicle 0.40215826 701.80334 172.91348 776.84534 212.84766
