vehicle 0.93992186 947.70856 252.9602 1236.7786 374.83728
vehicle 0.863111 138.38423 176.70291 353.05005 293.58026
vehicle 0.8116694 58.810345 170.11137 309.5708 322.09894
vehicle 0.76571804 619.72595 178.90004 650.363 196.88876
vehicle 0.73172545 761.3943 200.21152 999.44214 350.50818
vehicle 0.69812155 535.02045 176.94844 572.6199 195.80841
vehicle 0.664407 664.75195 186.4735 724.68933 220.78078
vehicle 0.652974 664.1316 180.16344 705.9751 202.82433
vehicle 0.60779613 365.1083 174.72581 462.64288 229.54034
vehicle 0.5929863 496.51514 175.88516 534.436 206.29807
vehicle 0.49366382 320.12402 178.63843 420.9563 231.9793
vehicle 0.48414287 0.0 154.33896 173.87683 353.88736
vehicle 0.45486888 385.09903 167.48213 493.20737 220.731
