vehicle 0.9449785 345.4165 185.0566 571.06274 303.8869
vehicle 0.9209222 835.22925 205.00159 1239.149 369.47357
vehicle 0.8760568 585.2909 172.30284 639.3735 201.00826
vehicle 0.87331766 792.8008 175.40321 976.24207 276.3985
vehicle 0.6954217 342.3677 187.58096 387.44867 199.90665
vehicle 0.6747463 726.87415 176.19542 772.683 200.37872
vehicle 0.6494137 71.30413 200.70767 115.93417 215.34921
vehicle 0.62081903 766.0932 170.89865 838.97577 199.27979
vehicle 0.4734892 909.8066 94.38943 1242.0 229.77524
vehicle 0.41680047 509.19275 179.58865 590.0726 222.02644
vehicle 0.40867203 174.96263 196.15927 203.85278 214.62967
