vehicle 0.8814363 120.48254 191.05737 346.39154 285.6222
vehicle 0.8673554 42.640354 195.57785 304.1035 293.22525
vehicle 0.7896834 527.1782 177.78967 570.42676 195.30481
vehicle 0.7810155 212.67165 186.15462 402.71066 277.6758
vehicle 0.71158105 740.16956 203.01604 959.58636 321.91833
vehicle 0.64498836 505.3079 184.01581 563.4586 223.38017
vehicle 0.5044255 396.35455 184.51488 493.7041 232.89339
vehicle 0.5030515 651.99585 188.8138 720.98895 217.49649
vehicle 0.48215047 464.61963 179.26128 519.54535 198.63953
vehicle 0.47780368 421.96973 182.39363 475.23868 198.8531
vehicle 0.4729162 464.74222 184.18211 528.3458 224.19249
vehicle 0.42271063 620.2349 179.2602 649.2756 197.22299
