vehicle 0.91130036 461.80527 177.43553 521.61127 205.9914
vehicle 0.88011736 248.33247 193.60956 376.2788 231.08347
vehicle 0.85211635 661.45764 174.5631 698.45984 193.19183
vehicle 0.84487224 1109.2772 154.56798 1193.8563 176.10942
vehicle 0.7600691 931.2639 164.32185 966.1514 175.13383
vehicle 0.74706227 880.93243 164.1747 910.43494 174.11308
vehicle 0.7456402 517.34314 171.85805 565.75836 196.65125
vehicle 0.7114273 1048.6782 159.75427 1096.1195 176.94276
vehicle 0.60172784 816.8767 164.17607 844.17993 174.16115
vehicle 0.60164976 1177.0343 152.98444 1235.9904 173.64552
vehicle 0.5428434 1031.5358 162.99107 1065.3232 175.01422
vehicle 0.47531316 272.99512 185.8165 378.6919 225.50641
vehicle 0.44098774 598.83044 177.09433 686.3315 227.979
vehicle 0.43578184 737.20966 175.04543 763.3946 189.80153
vehicle 0.41463062 620.52997 174.56139 675.43726 203.54944
