vehicle 0.94329685 253.28531 185.69543 348.41635 232.77943
vehicle 0.92490876 0.0 196.11574 178.36836 311.4827
vehicle 0.8517048 332.35965 184.95996 385.6986 225.11449
vehicle 0.72527575 399.90546 180.5052 473.0079 235.3524
vehicle 0.72204703 89.3884 165.31142 236.25652 239.08902
vehicle 0.72145265 527.8277 182.65417 582.59186 218.72269
vehicle 0.66678506 536.51776 179.32886 576.2772 204.27823
vehicle 0.4630509 418.97482 180.046 458.0522 204.89182
vehicle 0.42429873 487.74783 181.0893 515.1201 200.09991
vehicle 0.40661892 351.35956 180.98543 388.1834 200.93202
