vehicle 0.88282967 146.52504 202.67422 197.48943 217.58542
vehicle 0.8592302 380.2779 164.37657 560.05176 258.89505
vehicle 0.8356208 1052.0284 157.23537 1238.0638 247.91383
vehicle 0.6893509 712.5152 168.69952 949.5163 295.47495
vehicle 0.66331196 0.0 216.79562 253.75595 373.19748
vehicle 0.64413625 219.04744 198.21262 254.13025 211.44788
vehicle 0.6340218 899.0219 162.76248 997.6321 218.7866
vehicle 0.6244899 941.418 162.70093 1098.9296 233.64348
person 0.47259146 540.0154 173.71703 570.7609 207.92584
vehicle 0.42549193 994.0326 155.93141 1163.61 246.16794
vehicle 0.4091386 94.29079 206.43414 130.12653 219.82686
