vehicle 0.9200003 151.36728 197.71191 327.866 310.1206
vehicle 0.8868907 3.3929882 216.10783 180.58937 357.034
vehicle 0.8698596 319.42545 197.04999 481.9069 294.45892
vehicle 0.8652967 927.87695 228.90425 1095.7275 348.01575
vehicle 0.7823007 721.8583 199.88304 793.8476 248.93967
vehicle 0.75489956 547.5912 180.44786 580.002 197.92397
vehicle 0.7412979 876.01434 233.08205 1034.3019 339.77325
person 0.6941158 959.1638 184.25632 1053.5436 333.63202
vehicle 0.6715464 823.6096 218.02768 955.17847 323.0004
vehicle 0.6343451 610.75385 181.9527 640.46014 198.27515
vehicle 0.6316729 766.46265 202.26678 842.0484 252.80586
vehicle 0.5304661 659.9379 194.41655 722.44635 252.56282
person 0.46785665 938.88074 211.28702 1084.9617 339.3371
vehicle 0.45407516 651.61676 186.7313 718.1084 222.17819
vehicle 0.41957754 460.92316 176.46347 536.64685 233.16447
vehicle 0.400454 659.80554 180.87206 711.497 198.71648
