vehicle 0.95337474 781.8207 194.50868 944.6169 287.6075
vehicle 0.86970973 706.1077 190.30774 779.5015 233.95451
vehicle 0.7764482 483.55423 196.22 541.74524 224.69499
vehicle 0.7006645 568.57117 186.55542 592.457 199.45932
vehicle 0.6921877 887.7047 168.9723 1242.0 371.3254
vehicle 0.5794777 887.7047 168.9723 1242.0 371.3254
vehicle 0.5746736 682.3923 185.77448 705.622 197.38199
vehicle 0.5648446 524.453 193.36635 559.85535 213.63223
vehicle 0.5414612 635.44366 186.01973 652.51337 195.10358
vehicle 0.45096785 698.1448 190.32841 726.98175 218.25029
