vehicle 0.94811386 179.36139 186.40811 391.53854 278.50314
vehicle 0.9149716 254.92249 183.58163 442.37198 258.75742
vehicle 0.8654995 141.11713 196.36383 356.9438 287.99545
vehicle 0.76008487 368.91824 180.87779 476.66757 229.86757
vehicle 0.75225353 620.7655 181.24388 652.7482 198.63733
vehicle 0.7208542 6.0005474 202.42502 193.23523 330.09726
vehicle 0.62977684 445.09146 179.66476 521.5828 219.07454
vehicle 0.61706066 698.67395 183.08652 913.06537 254.92201
vehicle 0.61254495 548.84985 179.17549 580.47534 196.19102
vehicle 0.59040695 466.8554 177.94684 524.8931 213.57007
vehicle 0.42515084 677.0516 183.13084 704.2972 200.79865
