vehicle 0.82016677 140.1565 183.12206 336.09512 282.61572
vehicle 0.7673191 621.7124 180.36772 651.3632 199.3417
vehicle 0.76593167 485.85785 179.10527 522.7651 203.93237
vehicle 0.70897144 290.3292 170.6882 440.26715 247.20773
vehicle 0.6970414 543.05914 178.37808 575.9979 194.86351
vehicle 0.6532513 199.74837 180.31367 364.9831 271.72977
vehicle 0.6045379 0.0 246.35306 208.21288 375.0
vehicle 0.51061976 405.17276 171.21709 467.61523 215.67758
vehicle 0.4108435 146.56593 187.29994 308.18777 282.85806
vehicle 0.4083006 665.72174 180.02603 694.2464 198.8539
