vehicle 0.9215583 246.27878 194.99065 322.74048 226.15175
vehicle 0.8748373 46.242565 192.94077 99.186226 216.83482
vehicle 0.8564014 500.46973 164.77065 786.5418 318.60138
vehicle 0.7471128 154.78848 187.50407 175.59563 195.89098
vehicle 0.66369843 23.945927 195.01164 76.794395 219.42407
vehicle 0.65713316 225.78351 188.31946 249.83966 198.39746
vehicle 0.64869577 778.2679 179.45503 872.7102 224.54231
vehicle 0.5810853 361.45526 192.15944 513.4223 261.70096
vehicle 0.45445788 105.40511 188.05687 130.04037 197.56084
vehicle 0.45139933 234.32932 192.04225 272.81375 213.68817
