vehicle 0.95518994 148.45961 185.66295 337.33002 280.66953
vehicle 0.9503096 182.45377 175.53943 365.76562 268.21805
vehicle 0.90829504 20.302795 196.60411 285.62402 283.4474
vehicle 0.8507892 470.51694 174.58089 526.3931 202.3811
vehicle 0.66811115 229.8028 170.3052 435.27966 249.3804
vehicle 0.58619297 669.95874 179.86086 702.4347 199.59943
vehicle 0.5666892 734.85254 168.44327 956.8037 315.71588
vehicle 0.5571493 626.3763 177.369 655.97644 196.90503
vehicle 0.52833194 394.2626 167.9916 474.4199 215.90125
vehicle 0.5261385 665.4305 185.84839 716.12036 227.85097
vehicle 0.42960006 0.0 204.13196 226.87921 361.33493
vehicle 0.42173564 537.4038 174.43335 569.1855 191.6418
