vehicle 0.93499994 193.8005 189.53076 389.779 283.00583
vehicle 0.9068506 883.73236 227.23834 1238.5714 371.4064
vehicle 0.8256786 482.75116 176.83594 531.14636 202.32985
vehicle 0.77496886 0.0 164.19366 216.96861 358.56607
vehicle 0.69006705 177.98952 192.86397 326.61066 301.33823
vehicle 0.59584147 227.0157 184.40005 418.59637 265.81476
vehicle 0.5846758 684.434 173.41887 828.3734 264.5505
vehicle 0.5658967 627.3874 178.51672 651.06287 196.9223
person 0.5602103 667.5864 177.18031 695.29047 204.6203
person 0.55334103 660.1377 178.98813 698.3831 234.55028
vehicle 0.52432865 541.1736 177.99077 574.0645 193.07452
vehicle 0.48724508 397.1909 182.71065 465.7408 229.32329
vehicle 0.48311752 410.0639 178.61923 456.81186 197.17368
person 0.43648118 627.3874 178.51672 651.06287 196.9223
vehicle 0.41984537 466.95786 180.88306 519.9041 223.81726
