vehicle 0.8478016 1108.6017 154.74985 1193.5864 176.19246
vehicle 0.8365644 0.0 232.29955 194.33762 375.0
vehicle 0.82482004 878.578 164.3664 909.48883 174.052
vehicle 0.8017879 214.87526 187.73965 346.41602 232.54314
vehicle 0.75282794 676.6726 174.96677 701.64966 191.27362
vehicle 0.73863846 814.74945 164.40903 842.0991 173.78952
vehicle 0.72363275 753.5264 170.76007 771.90045 181.19664
vehicle 0.721936 932.1821 164.73746 966.5809 174.93112
vehicle 0.6960653 1048.9989 159.76665 1099.3972 176.90173
vehicle 0.67539966 472.3959 177.71516 516.64777 202.53767
vehicle 0.60258263 1175.7793 153.59819 1235.0715 173.67276
vehicle 0.53752804 694.4408 171.28712 712.8065 180.87862
vehicle 0.49276346 530.0863 177.18889 565.5164 195.39978
vehicle 0.4839544 1031.9657 163.26334 1067.2222 174.96306
