vehicle 0.8516534 1107.9562 154.32642 1195.9319 176.02393
vehicle 0.81575423 386.7847 186.41757 446.94858 215.68999
vehicle 0.7821228 880.95575 164.41286 911.97345 173.98262
vehicle 0.77436465 485.21417 179.30536 520.42444 198.72697
vehicle 0.7406726 932.85315 164.74202 966.97906 174.89452
vehicle 0.7095192 682.8306 175.58315 703.29443 190.28375
vehicle 0.6991972 1049.7435 159.4038 1100.0886 176.60849
vehicle 0.67728245 814.1017 163.97285 844.15643 173.80536
vehicle 0.66982037 520.6525 167.07202 645.70044 258.65054
vehicle 0.6247758 616.973 172.68596 649.99884 196.19557
vehicle 0.6044578 1175.4198 152.84286 1237.0842 173.77888
vehicle 0.5209219 1032.1196 162.5109 1067.3588 174.62013
vehicle 0.48706198 762.8888 172.12613 778.92084 181.22708
vehicle 0.46420532 404.0344 181.815 451.8317 206.14127
