vehicle 0.93380696 720.2029 186.22566 793.6494 236.05069
vehicle 0.9314825 171.79991 174.27187 411.17896 291.9739
vehicle 0.91688657 2.6488953 163.2185 186.01643 254.2415
vehicle 0.9060482 581.29926 183.87788 662.06683 229.16385
vehicle 0.808161 457.3257 181.71315 540.91644 230.5534
vehicle 0.7745022 809.5369 147.30533 1132.4535 347.5033
vehicle 0.71166784 538.37915 176.5323 580.6692 200.22685
vehicle 0.506492 372.53445 180.61502 467.42316 245.09293
vehicle 0.44786653 603.8374 178.22833 643.7932 196.64543
vehicle 0.4168568 471.85928 179.72939 525.2049 204.82457
