vehicle 0.9026602 5.0561137 198.73344 210.0308 302.42587
vehicle 0.82641655 331.5599 185.5119 394.21692 227.22594
vehicle 0.7030678 658.3836 174.13567 710.57477 194.21846
vehicle 0.67381686 267.04926 187.56342 340.06244 235.27213
vehicle 0.6113243 178.88257 195.7657 278.20108 255.39308
vehicle 0.6093154 675.2624 167.61862 716.1323 180.98444
vehicle 0.44602793 440.27356 185.18439 502.71744 214.08356
vehicle 0.43074822 177.75116 186.73811 264.15112 239.88063
vehicle 0.42790166 1074.7583 136.86424 1232.6713 169.20808
vehicle 0.41673967 45.64677 192.4 240.26654 278.665
