vehicle 0.90332544 0.40794104 180.64467 373.53238 369.69257
vehicle 0.8071923 390.41858 184.59853 474.17545 234.46324
vehicle 0.74897087 267.45435 180.23648 360.44064 232.68863
vehicle 0.7458382 546.37354 182.9521 582.98975 203.65138
vehicle 0.7356753 482.7813 183.04068 519.8658 200.53543
vehicle 0.7252088 529.4785 191.01709 575.48376 214.47589
vehicle 0.57420325 310.67365 181.65085 395.6678 229.0976
vehicle 0.5381452 455.69974 188.4126 507.22177 232.04932
vehicle 0.48558608 574.62225 182.3649 614.9973 203.11884
vehicle 0.4152104 413.85223 183.25261 455.30695 199.55794
