person 0.7508751 380.3694 178.87376 407.7889 227.06194
person 0.66653097 493.48648 176.36252 508.97546 202.73215
person 0.66353595 302.3238 175.73033 322.07675 203.32878
person 0.60298073 368.8911 178.41321 387.2184 198.5338
person 0.53268325 424.97232 178.08073 441.58377 200.64285
person 0.5077918 832.0374 194.07593 853.68274 219.93095
person 0.49945128 895.4684 193.04442 912.6699 214.49431
person 0.49313262 708.9148 178.73479 725.43866 196.97716
person 0.4857728 397.05023 175.01051 428.42194 227.80359
person 0.4086383 755.7926 190.77023 777.1368 221.01233
