vehicle 0.9561668 6.010514 200.88469 210.33359 281.31055
vehicle 0.8957336 339.0005 188.6157 410.532 221.51448
vehicle 0.89293724 170.01714 189.16872 319.6759 278.3238
vehicle 0.7179101 715.7574 179.50131 799.2948 232.35983
vehicle 0.7138072 487.9924 192.45569 522.5348 207.62483
vehicle 0.6671848 410.4908 192.17004 443.05276 214.06635
vehicle 0.5424571 554.29443 187.24483 576.32446 199.68872
vehicle 0.4985045 491.72653 186.19702 524.0115 204.31758
vehicle 0.46677917 774.5841 183.24342 848.77106 228.77406
vehicle 0.4129564 735.4186 174.92168 778.35406 208.19298
