vehicle 0.8911361 30.548979 175.01497 297.28998 312.48962
vehicle 0.87076384 859.6469 189.41983 1240.2534 369.16016
vehicle 0.8439695 207.61343 181.34616 394.7029 282.6706
vehicle 0.75206214 357.9305 167.57387 495.57315 217.53117
vehicle 0.664628 614.5292 176.44203 653.8217 197.3873
vehicle 0.62058204 470.73227 170.14287 531.8789 202.82945
vehicle 0.52188176 252.64769 178.30733 433.96713 264.84885
vehicle 0.48862487 857.75665 190.22781 1240.2197 364.82352
vehicle 0.42634797 53.50951 192.11763 240.16559 320.75272
person 0.4039908 1070.0188 229.3394 1122.6996 268.0799
