vehicle 0.8917621 223.47952 206.89621 365.68063 297.48563
vehicle 0.8532975 809.6348 216.41086 975.7735 317.11404
vehicle 0.8360815 345.55032 204.56741 491.23636 290.08856
vehicle 0.7897203 0.12501642 230.15791 241.42001 371.77966
vehicle 0.7338171 710.174 204.81506 787.1165 254.10365
vehicle 0.7331397 461.32706 185.17383 537.2734 231.53697
vehicle 0.7184934 874.08307 216.24644 1000.91736 317.19928
vehicle 0.69547313 543.0968 191.91272 575.47034 215.16502
vehicle 0.6063107 654.0997 200.6061 716.35864 250.45526
vehicle 0.54779565 551.2199 186.26341 580.3906 198.59576
vehicle 0.5471432 608.2943 192.308 641.6194 215.76392
vehicle 0.42651585 777.05383 211.3742 901.34 311.0556
vehicle 0.40112737 689.1466 191.42393 813.2467 273.217
