vehicle 0.9760962 82.33279 202.16667 369.65158 365.84915
vehicle 0.91130537 492.0416 192.5164 541.71075 217.73515
vehicle 0.8812981 62.371502 188.09259 166.03581 221.94211
vehicle 0.70286196 565.417 183.78357 584.09 195.92943
vehicle 0.6728753 546.5458 186.31555 578.29034 216.09392
vehicle 0.58001566 607.42737 183.46686 626.8039 197.09341
vehicle 0.5552537 102.83064 188.12404 172.92804 217.43785
vehicle 0.507228 592.04865 187.86343 626.569 215.69217
vehicle 0.4512357 979.761 3.1115832 1061.1743 73.26003
vehicle 0.4490649 2.1411514 183.95038 65.99964 225.11865
vehicle 0.40450996 509.06076 184.79274 527.6108 194.19928
