vehicle 0.9014428 268.08405 181.67911 445.44623 255.23509
vehicle 0.89220834 896.9697 179.28853 1237.6967 372.9926
vehicle 0.8262123 154.126 187.39923 300.92377 282.57715
vehicle 0.8050873 619.3482 177.876 654.2943 195.03487
vehicle 0.80430067 459.6808 177.663 525.39575 208.46092
vehicle 0.69779944 204.16238 186.67076 397.80832 268.9187
vehicle 0.6187467 737.51495 177.69608 885.58514 226.37276
vehicle 0.5842459 351.08148 179.6617 479.59247 231.94492
vehicle 0.5438832 678.82605 179.51555 706.23615 194.33574
vehicle 0.44580796 538.15924 177.11284 572.1818 193.89897
