vehicle 0.93010855 3.826613 216.37317 389.37112 370.44043
vehicle 0.7681975 564.32574 180.054 635.55457 218.14145
vehicle 0.7270635 370.78345 182.5026 464.61627 233.74222
vehicle 0.6876067 515.69763 181.8319 575.0311 217.19775
vehicle 0.6804823 313.45175 182.19325 435.15665 239.17422
vehicle 0.6663304 467.45227 177.98929 518.00116 205.72946
vehicle 0.60276055 597.7743 178.66931 640.8538 203.63718
vehicle 0.58126205 535.11597 179.68 574.16113 203.68854
vehicle 0.5496719 668.99396 181.34715 751.59204 230.67418
vehicle 0.40286282 123.72241 197.20172 220.83202 218.77782
