vehicle 0.912506 0.0 156.02916 252.34833 347.26657
vehicle 0.90103114 920.0788 189.9291 1226.5872 294.49084
vehicle 0.8864299 225.15552 191.07411 363.33206 283.91626
vehicle 0.8211586 359.6834 186.81479 463.86838 233.041
vehicle 0.7139947 539.19653 180.39404 574.09357 195.90741
vehicle 0.7060056 473.53418 179.91643 535.01245 202.12796
vehicle 0.7046214 436.2668 184.23564 519.0749 221.17216
vehicle 0.6813325 621.0255 182.16824 652.6131 201.04248
vehicle 0.651189 326.6684 189.04285 427.58322 232.57524
vehicle 0.5180285 669.40796 192.27371 724.4189 226.3422
