vehicle 0.9442568 6.492729 189.99347 305.93945 335.43854
vehicle 0.90989614 737.19336 191.01926 921.53186 285.20526
vehicle 0.87807375 187.12704 180.54477 398.6944 268.10623
vehicle 0.7781959 257.3415 176.31488 428.0805 256.74332
vehicle 0.76315755 129.1637 192.366 346.3902 281.2461
vehicle 0.7245218 450.8909 176.78296 527.7118 207.2024
vehicle 0.71923476 438.37317 179.61566 522.9343 226.82516
vehicle 0.5128423 668.0774 191.07718 714.9416 216.24086
vehicle 0.50332636 523.1531 176.25345 573.04694 203.09883
vehicle 0.42426103 516.6501 185.20311 563.85657 218.398
vehicle 0.40513974 570.34436 191.38214 648.6155 215.44374
