vehicle 0.91469467 6.000973 176.4808 333.81213 304.52747
vehicle 0.8311564 620.73126 178.39818 647.59393 192.32301
vehicle 0.7786443 544.915 175.70345 576.0051 192.2018
vehicle 0.7743037 471.6072 176.17596 532.07416 206.69882
vehicle 0.7409157 658.6667 185.78319 705.0879 218.74155
vehicle 0.7406553 194.67418 185.41699 387.3131 273.80835
vehicle 0.73326427 715.607 79.94825 1001.40564 300.2198
vehicle 0.6184136 680.9215 178.70386 714.2779 200.53227
vehicle 0.56884265 264.86478 177.28807 439.81268 251.0397
vehicle 0.5419069 378.78192 182.52142 478.6613 227.23004
vehicle 0.5340472 288.5284 183.18 425.176 230.79515
vehicle 0.5146315 447.6129 184.6126 522.26904 219.07272
vehicle 0.49246365 383.92896 170.9431 480.99545 209.12636
