vehicle 0.96890825 13.604618 171.75067 310.58115 295.79153
vehicle 0.9586528 770.9742 199.43614 1154.1891 370.82233
vehicle 0.76973903 615.4821 178.92871 644.9802 195.97847
vehicle 0.73716944 533.6603 178.05373 567.42694 197.03804
vehicle 0.6928284 489.6384 176.3242 530.863 205.20506
vehicle 0.68242776 657.49915 178.23775 703.4929 203.46965
vehicle 0.63525546 659.1957 183.67786 721.24 224.97359
vehicle 0.55767125 376.12134 169.124 496.39963 220.84741
vehicle 0.4661445 3.0741825 192.46794 218.25378 359.57208
vehicle 0.44151327 298.7689 179.19745 422.00497 238.65804
