vehicle 0.87850106 602.98157 181.97856 629.42706 194.29092
vehicle 0.8354004 5.300317 210.1004 284.98822 365.61945
vehicle 0.79837734 563.9154 183.6429 587.2248 192.86183
person 0.736622 825.4398 143.05313 917.7526 293.28983
vehicle 0.6687119 190.13948 74.488686 238.78207 134.56244
person 0.64965767 160.4109 192.8154 194.8288 225.73813
person 0.5979735 807.0346 147.23047 879.2418 286.95303
vehicle 0.5025497 506.6554 183.62428 527.1283 193.29051
vehicle 0.49411523 775.87067 184.53374 899.2856 295.33026
vehicle 0.4867741 801.63513 188.73619 933.41943 300.24005
