vehicle 0.8649544 116.08888 184.74504 296.78394 275.91467
vehicle 0.85666645 620.3938 181.7444 651.64734 192.56612
vehicle 0.85188144 6.549361 205.81587 219.22682 301.54855
vehicle 0.77053654 62.675663 191.78452 265.9595 298.58414
vehicle 0.7009998 552.188 185.29979 577.6559 195.31024
vehicle 0.58536303 486.3323 184.08327 519.0496 202.64786
vehicle 0.57327235 314.52808 188.63893 405.32468 238.21872
vehicle 0.49213302 116.08888 184.74504 296.78394 275.91467
vehicle 0.46452808 1070.7535 155.53981 1233.4998 183.41396
vehicle 0.43271795 1035.531 158.04283 1147.1709 184.48976
