vehicle 0.85166603 13.061939 190.25307 203.21066 261.06378
vehicle 0.8432532 1107.8977 154.03796 1197.1946 176.04529
vehicle 0.8000166 879.0385 164.42447 908.2687 174.2098
vehicle 0.7533954 813.87555 164.0922 841.08875 174.11375
vehicle 0.74285436 933.17114 164.29207 966.9374 174.92903
vehicle 0.703799 1048.3434 159.33406 1101.2227 176.58476
vehicle 0.65986633 484.99866 178.69386 519.823 195.93488
vehicle 0.64670247 684.1188 172.4411 704.2217 182.4091
vehicle 0.64386755 685.33984 173.59503 706.1375 191.00587
vehicle 0.6203133 763.0571 168.39536 781.17 179.00983
vehicle 0.6178383 1173.1223 152.53127 1237.0376 173.73349
vehicle 0.608329 725.1799 172.99072 753.4719 194.82228
vehicle 0.5598092 366.10834 178.522 514.85425 247.86171
vehicle 0.53520024 279.42783 190.3127 319.8898 213.75775
vehicle 0.50894356 1030.9921 162.51978 1067.2697 174.56102
vehicle 0.41731048 340.09088 182.71432 368.13397 201.6449
