vehicle 0.8301267 580.00055 184.27464 638.95374 217.76707
vehicle 0.8100247 1119.3242 180.32729 1187.5071 196.93436
vehicle 0.73944014 129.41512 177.71819 387.48215 287.65933
vehicle 0.7006487 552.64307 177.58966 587.4415 201.31885
vehicle 0.6956585 664.6482 180.54631 701.79535 199.60367
vehicle 0.6801563 601.4248 180.34596 643.59814 199.13644
vehicle 0.641191 269.70206 131.3746 485.74323 265.9295
vehicle 0.60978144 1062.1188 180.34116 1135.2039 199.6393
vehicle 0.5501992 1184.0715 178.61386 1225.9357 195.96234
vehicle 0.46849877 469.3064 170.48318 546.0409 219.98044
vehicle 0.4629672 6.2723403 188.48692 159.23409 265.45975
vehicle 0.45925337 269.70206 131.3746 485.74323 265.9295
