vehicle 0.8953234 100.298615 92.39761 438.9625 300.64578
vehicle 0.801671 482.50616 192.5262 517.4553 221.21555
person 0.69288826 500.03665 184.77509 518.4039 199.68536
person 0.68190956 564.42444 186.9046 579.05945 200.26355
vehicle 0.628613 549.14374 190.5465 578.38043 211.41624
vehicle 0.5808423 415.9002 186.07234 458.5627 236.54926
person 0.571131 438.18314 181.3576 456.97437 199.05144
vehicle 0.5526208 12.699532 192.56226 155.54637 277.4498
vehicle 0.49717906 564.42444 186.9046 579.05945 200.26355
vehicle 0.44758922 500.03665 184.77509 518.4039 199.68536
vehicle 0.4194237 464.89832 204.8935 509.9523 237.29541
