vehicle 0.98600566 31.367813 189.2033 398.15677 368.54996
vehicle 0.93727326 819.19855 189.20026 1160.184 371.26743
vehicle 0.75058436 561.6085 175.55193 665.6092 237.07721
vehicle 0.69925195 421.90326 183.49802 462.44293 197.532
vehicle 0.68215686 801.85693 164.958 846.9924 182.98279
vehicle 0.601092 667.8195 168.48663 713.99084 197.63063
vehicle 0.59733325 910.3647 156.41585 989.2002 192.77245
vehicle 0.5771472 861.4388 158.94748 917.19293 189.79958
vehicle 0.56522506 852.46295 163.64944 924.1263 199.63113
vehicle 0.53009236 794.8522 166.26321 872.485 200.73729
vehicle 0.48923093 620.74146 174.93787 665.5558 203.36526
vehicle 0.47799847 982.5729 126.49205 1164.643 203.06276
vehicle 0.45735002 747.4821 167.20898 777.31165 182.14755
