vehicle 0.8640847 285.48294 196.67935 335.70584 226.40314
vehicle 0.81525177 558.3174 180.98068 581.9747 193.72746
vehicle 0.76125616 164.91211 205.16774 230.144 239.87575
vehicle 0.74982023 430.5645 184.20728 461.71982 198.05266
vehicle 0.59773445 356.76263 184.99286 391.18683 199.76071
vehicle 0.5785665 140.89697 208.61671 212.53976 243.44131
vehicle 0.52184254 405.5932 191.24419 448.86868 212.12938
vehicle 0.47983962 489.81348 181.98991 509.8098 191.3569
vehicle 0.470785 21.169004 209.8411 164.05261 277.1877
vehicle 0.46732816 50.86317 210.04893 149.44392 247.72372
