vehicle 0.92704666 707.24 181.25276 886.082 279.002
vehicle 0.8683436 451.08722 171.9761 523.39734 201.53757
vehicle 0.8196506 120.1442 177.35928 298.43423 278.00433
vehicle 0.75123453 150.41429 170.59048 455.1408 248.13216
vehicle 0.7505496 8.298064 179.56616 224.51024 302.15964
vehicle 0.74796253 618.8379 172.48183 654.1979 190.44533
vehicle 0.7146011 680.2112 174.91928 717.1238 196.2078
vehicle 0.6860022 721.731 176.19489 784.43945 197.83922
person 0.5711708 991.73676 239.79758 1177.2725 373.81885
vehicle 0.5698427 754.4817 177.43161 943.38214 254.64151
vehicle 0.5382908 618.1688 169.9134 643.98065 182.93663
vehicle 0.47383177 553.9816 167.6765 585.3272 181.48355
vehicle 0.45709315 544.58484 171.7224 579.00165 189.98749
vehicle 0.44812357 817.45087 180.79228 943.6302 227.6807
vehicle 0.44125664 256.0529 174.32176 451.4211 244.44754
