person 0.7573749 923.9664 224.47192 1010.5172 338.99863
person 0.75610536 1049.1328 135.36028 1220.2563 361.9219
person 0.69925576 628.3965 170.87564 646.3427 199.9159
person 0.6325999 75.463684 179.93619 117.65209 251.84671
person 0.6317608 950.6282 224.01758 1051.6785 338.6543
person 0.5430549 363.66312 168.90913 396.59833 222.16212
person 0.5103416 732.9304 173.09485 769.10596 212.74904
person 0.49952278 819.7568 182.4275 841.1335 203.06638
person 0.43246707 808.56226 189.61244 834.43317 214.6881
person 0.42234182 215.19362 184.73468 248.67134 236.00949
person 0.41746056 1004.4706 190.29343 1043.8967 229.70053
