vehicle 0.82503533 719.01904 186.68002 784.4463 229.76418
vehicle 0.7573213 562.89417 183.11807 590.169 198.69862
vehicle 0.7122726 687.9902 183.88135 707.48553 196.21214
vehicle 0.6137775 490.08035 187.14276 543.9585 216.10452
vehicle 0.584072 4.7550473 218.18234 177.38574 372.6589
vehicle 0.5815771 636.50183 179.10849 655.259 190.67896
vehicle 0.57402354 508.5074 184.7624 562.98737 212.86928
vehicle 0.45830256 814.15784 168.95975 1120.481 334.09628
vehicle 0.43409836 802.0085 169.44786 978.0954 284.68085
vehicle 0.4310566 765.6037 1.8257127 1242.0 324.34155
