vehicle 0.95753217 8.375101 183.08026 363.276 361.4882
vehicle 0.9198526 840.2095 203.64888 1126.4413 343.48227
vehicle 0.81378454 585.8492 186.4967 650.881 221.02411
vehicle 0.80575645 546.20636 177.4156 581.2591 199.04863
vehicle 0.7426937 752.9165 168.34653 895.1462 269.59616
vehicle 0.6932732 618.92865 180.76764 649.7511 195.61833
vehicle 0.6904104 360.49222 176.93265 479.74316 234.66125
vehicle 0.63445365 479.32077 178.92686 523.7383 205.4343
vehicle 0.5394138 186.50485 177.76318 287.53354 196.14519
vehicle 0.4895359 688.02057 192.04475 714.16437 210.52687
vehicle 0.4099341 470.06656 183.07622 517.77924 221.65488
