vehicle 0.9279351 472.7413 190.34097 531.5263 225.67761
vehicle 0.8986607 224.29684 186.5181 442.42148 309.3692
vehicle 0.7940198 411.6202 190.28183 464.82712 223.73207
vehicle 0.76232475 487.71405 183.35622 518.5557 197.24576
vehicle 0.7397594 421.4505 181.72876 451.1205 197.06314
vehicle 0.7332955 1.8548188 183.69005 166.50008 306.62692
vehicle 0.725816 553.1952 180.35753 584.35974 200.36696
vehicle 0.682208 584.697 182.48589 626.5363 202.03392
vehicle 0.5926067 115.218834 187.53163 218.3805 236.30853
vehicle 0.5251227 363.26917 180.90004 404.2084 192.37239
