vehicle 0.9083884 685.31 179.1528 721.11115 193.61705
vehicle 0.9081921 591.5977 182.2772 633.92316 197.05183
vehicle 0.86039907 402.22192 180.73497 450.35 198.94856
vehicle 0.81221646 545.4026 183.41068 583.68805 198.7733
vehicle 0.81149006 801.96954 181.47592 838.76337 197.07812
vehicle 0.7978376 485.25238 182.81522 521.21063 201.01726
vehicle 0.76409745 756.8084 181.74475 785.5671 194.71338
vehicle 0.64136136 345.3694 181.07996 390.0846 201.54163
vehicle 0.4778408 857.2595 176.83624 888.82355 192.38628
vehicle 0.4046314 1045.6267 179.69945 1104.4938 193.89723
