vehicle 0.8266709 792.9077 238.73581 957.60925 362.67764
vehicle 0.7210149 914.3422 271.24518 1100.0657 372.8797
vehicle 0.6988893 551.73663 173.76993 592.8667 198.01793
vehicle 0.63177437 862.63196 266.11987 1029.3708 371.92764
vehicle 0.6314782 974.3283 272.84235 1159.9325 372.13977
person 0.61130184 677.14966 166.40892 713.0737 230.43953
person 0.529216 743.0116 169.31741 772.31396 221.23994
person 0.52366364 481.31415 167.69347 513.5778 217.37805
person 0.4661384 743.08514 176.60738 779.0871 234.66463
vehicle 0.4483191 777.39594 228.42624 889.41895 352.8383
vehicle 0.43465286 613.02045 172.72212 646.0294 201.35712
