vehicle 0.938003 15.889531 194.29994 307.4987 321.39307
vehicle 0.92101365 385.02097 184.49129 476.0617 222.14505
vehicle 0.8800035 1014.91895 175.0802 1240.6432 370.7145
vehicle 0.83040136 266.00516 185.3833 346.68384 226.72525
vehicle 0.80849314 530.6442 182.91708 566.2061 202.76038
vehicle 0.8004965 786.63776 185.11197 861.02484 239.47073
vehicle 0.7570723 719.318 183.31367 804.1499 236.17683
vehicle 0.6760795 608.2332 180.12773 662.51196 202.4922
vehicle 0.600004 485.57324 182.32703 512.5718 203.91232
vehicle 0.47019774 694.4185 178.21819 720.65796 195.47855
vehicle 0.41189665 735.94434 180.20676 771.5561 195.81874
