vehicle 0.9238719 829.888 182.46257 1065.011 291.08945
vehicle 0.9223285 200.26666 165.09747 398.29642 257.51407
vehicle 0.828446 39.23265 186.81352 271.58478 289.50525
vehicle 0.7849977 2.4384217 189.63338 256.31754 352.3572
vehicle 0.77732134 991.6032 192.59843 1175.6154 327.80072
vehicle 0.76243585 490.6261 178.753 530.17535 200.63562
vehicle 0.64195603 621.0001 175.23988 653.21906 199.4357
vehicle 0.6389789 745.4527 174.61308 895.6911 253.54066
vehicle 0.6368236 390.9193 177.76385 485.85855 202.76306
vehicle 0.6327651 370.5782 177.29837 496.36353 233.35149
vehicle 0.58068556 1013.4901 187.99019 1239.1461 360.51968
vehicle 0.5616765 551.0762 175.67184 580.5044 190.70833
vehicle 0.5305112 799.57697 178.00972 1015.53357 271.18527
