vehicle 0.8524469 542.3653 181.82388 584.27466 193.66475
vehicle 0.8454187 620.0504 179.94897 660.6152 193.10616
vehicle 0.8217313 74.4113 181.28342 258.12787 273.55167
vehicle 0.73852193 473.441 177.71645 513.381 195.10646
vehicle 0.6829385 329.41867 180.0909 415.25333 221.75189
vehicle 0.6346537 857.5031 155.91728 909.0517 172.20383
vehicle 0.6201559 665.0831 174.06412 702.35095 191.13544
vehicle 0.6050508 411.93213 177.82968 458.356 207.83658
vehicle 0.5249392 824.9505 158.15955 858.8876 171.60893
vehicle 0.51803625 393.6736 182.43182 457.57373 217.44669
vehicle 0.48740882 673.8387 170.58076 705.26935 181.55052
vehicle 0.4369807 904.92224 154.94733 992.0193 175.10484
