vehicle 0.92631197 600.80005 178.36806 655.2302 206.49747
vehicle 0.8618831 1125.7102 154.33446 1173.2872 168.16736
vehicle 0.856011 478.33545 178.60992 522.53564 202.5169
vehicle 0.842967 1067.9246 156.91327 1109.7866 170.1989
vehicle 0.789424 816.21313 162.8538 846.8173 174.09407
vehicle 0.7754298 528.7234 177.88548 578.2888 205.75877
vehicle 0.73709327 1006.724 159.7663 1043.7979 171.56035
vehicle 0.6898267 871.2067 161.147 907.8434 173.7923
vehicle 0.6351205 683.59735 173.0928 706.7302 189.40685
vehicle 0.63231325 755.5598 169.44807 775.47095 180.48253
vehicle 0.6242302 940.3124 163.22272 974.3848 173.58987
vehicle 0.6160048 367.83737 185.664 474.78687 241.32753
vehicle 0.49502778 697.8662 170.12067 716.73 182.1089
vehicle 0.449952 163.16533 172.35837 329.99997 239.3528
person 0.43969825 697.8662 170.12067 716.73 182.1089
