vehicle 0.9684144 831.0726 211.5037 1242.0 370.8522
vehicle 0.9111735 225.21866 171.06624 384.09753 283.2385
vehicle 0.8970406 3.360258 162.38849 271.68878 315.08902
vehicle 0.88392365 746.9606 180.6136 908.34875 300.23428
vehicle 0.81573 668.9057 185.61284 733.74945 220.6399
vehicle 0.79024786 456.68198 169.10596 530.0526 204.30434
vehicle 0.7469545 670.2447 178.50737 711.32306 203.22812
vehicle 0.72350854 621.4262 176.54538 649.3274 195.61476
vehicle 0.59029716 364.48544 173.38264 471.75305 224.67743
vehicle 0.5314864 539.8606 172.55019 572.96124 192.0959
vehicle 0.418261 554.3429 170.91429 581.8109 180.78824
