vehicle 0.8688304 826.4767 226.65749 1237.5895 371.2723
vehicle 0.8523934 261.8568 187.79173 482.34003 312.02078
vehicle 0.8298275 4.2976594 259.17697 371.14468 370.33746
vehicle 0.7901543 541.7714 178.46661 580.1809 204.6068
vehicle 0.7881384 149.24084 193.689 213.77867 220.42397
vehicle 0.6947114 173.89552 187.37805 244.20854 222.95023
vehicle 0.68516606 493.3778 178.56184 524.7906 196.1804
vehicle 0.6593952 0.0 188.36293 73.53552 232.7699
vehicle 0.5883902 409.7142 178.23961 472.7245 193.821
vehicle 0.48309442 723.3468 179.1001 920.088 305.7334
vehicle 0.4795891 524.5625 177.29018 591.99963 224.5983
vehicle 0.47052974 594.1058 178.31012 639.1927 207.88737
