vehicle 0.8826939 0.0 193.40562 241.51144 363.47885
vehicle 0.78772604 552.21423 179.06088 582.6819 196.87387
vehicle 0.7825356 571.5417 186.01459 632.3079 220.39685
vehicle 0.7438938 606.16675 179.4301 642.2181 198.54094
vehicle 0.6527171 1132.4125 183.34995 1176.4716 201.45352
vehicle 0.60840005 159.06053 131.9449 424.8653 311.98242
vehicle 0.5972546 673.3004 177.39105 710.0702 201.72427
vehicle 0.4753583 1193.2982 179.64043 1233.4865 202.65634
vehicle 0.47486386 159.06053 131.9449 424.8653 311.98242
vehicle 0.40882316 433.21448 173.40971 538.3874 227.45386
