vehicle 0.8613565 1110.6836 155.21146 1193.3 176.5266
vehicle 0.8050968 647.30884 177.21288 699.19916 201.69604
vehicle 0.731123 880.3264 164.4535 909.30786 174.35129
vehicle 0.71161777 814.09015 164.19772 842.14343 174.01591
vehicle 0.67981523 1050.8335 160.3081 1096.5221 176.96053
vehicle 0.67799574 483.7387 178.99611 578.5765 227.34492
vehicle 0.62378854 1178.0177 154.30815 1236.4177 173.77725
vehicle 0.61711437 936.8645 166.23943 970.24536 176.44295
vehicle 0.5359055 2.1618125 43.78048 361.89743 261.43164
vehicle 0.50608706 756.05383 171.25308 774.7364 182.33235
vehicle 0.50255424 441.80945 178.68205 582.3122 233.23785
vehicle 0.4987939 624.5952 175.9899 698.2893 223.6304
vehicle 0.42781246 1032.386 164.20204 1065.3615 175.36758
