vehicle 0.9392944 3.6194613 198.37991 287.68512 340.8379
vehicle 0.926566 189.20561 181.4037 413.90665 277.8009
vehicle 0.849728 368.87473 177.82497 477.54416 228.2588
vehicle 0.81056863 618.67896 178.46082 656.62683 197.36105
vehicle 0.8044943 709.742 178.07747 780.40295 201.11848
vehicle 0.75892836 478.2786 178.73677 532.39667 208.17764
vehicle 0.7503709 717.1613 180.9536 921.47876 282.2512
vehicle 0.7198248 547.4685 178.17839 578.8545 193.3227
vehicle 0.68283474 229.2887 179.57642 431.57315 255.69872
vehicle 0.64112014 106.57627 192.76328 356.3474 295.26413
vehicle 0.454252 770.95166 179.4653 971.61755 254.27873
vehicle 0.40407902 682.23987 180.49692 709.1549 200.90031
