vehicle 0.9544434 3.8503578 204.11235 347.74194 370.86926
vehicle 0.8445904 335.97278 191.74586 475.11496 281.97632
vehicle 0.8278958 468.79712 188.57877 538.5099 232.76042
vehicle 0.8126764 512.03174 187.53246 559.6853 217.26318
vehicle 0.80123067 679.84125 178.93283 721.0382 204.20053
vehicle 0.67729664 621.9971 178.17126 654.9261 194.14386
vehicle 0.5283794 545.9115 183.96117 577.42975 200.70087
vehicle 0.48149148 738.9071 176.54594 773.8392 199.7712
vehicle 0.4811912 211.69234 199.3878 368.9609 293.22855
vehicle 0.41462106 767.4468 173.01633 877.7748 233.76193
