vehicle 0.9003337 769.1674 182.45471 958.08167 254.63446
vehicle 0.8726498 367.332 179.47615 489.7634 224.28227
vehicle 0.8087983 21.174747 214.34361 257.17834 326.47433
vehicle 0.769401 67.42435 178.5492 363.30264 276.31732
vehicle 0.7383263 618.2229 178.95647 652.7171 196.63078
vehicle 0.73741966 530.1382 177.17136 565.8897 196.45331
vehicle 0.6947799 26.21922 182.55888 314.05347 300.58957
vehicle 0.6515596 487.44434 177.79129 538.0532 202.12305
vehicle 0.48431987 296.09506 180.81207 427.4753 237.6082
vehicle 0.481233 632.7649 185.1077 697.8195 218.63928
