vehicle 0.91008395 923.50146 182.91579 1242.0 372.16666
vehicle 0.8992002 759.05164 200.46928 1023.10364 361.4957
vehicle 0.8593679 661.0421 193.99208 709.0699 220.7233
vehicle 0.83120126 164.58356 175.66757 400.44696 270.203
vehicle 0.8048201 0.0 177.4103 217.46779 360.68246
vehicle 0.77148145 151.7754 182.12248 353.52942 310.2903
vehicle 0.7713471 383.82996 185.45345 482.928 228.39441
vehicle 0.7649904 450.47354 183.86134 521.5919 221.1647
vehicle 0.73408926 268.6438 178.90482 431.65247 265.09528
vehicle 0.72902256 549.4999 185.56322 582.75665 201.34149
vehicle 0.69431144 616.74457 186.70801 641.1305 199.60286
vehicle 0.51294506 27.71935 168.79305 325.25153 330.99118
vehicle 0.45633197 699.54974 195.33263 832.605 272.00455
vehicle 0.42644188 525.6799 187.0895 574.73834 210.59712
