vehicle 0.88354295 672.2805 178.0738 705.55255 197.87918
vehicle 0.8472195 1108.98 154.87035 1194.2755 175.9914
vehicle 0.8471957 2.6083736 192.70264 235.21187 256.25208
vehicle 0.79630065 204.30696 197.58965 501.55786 323.30017
vehicle 0.7901471 878.19794 164.95958 908.8149 174.12784
vehicle 0.7822404 726.73425 175.37498 756.6621 195.13754
vehicle 0.7287471 619.643 179.96915 658.98047 204.58618
vehicle 0.7126229 1049.1232 159.55669 1100.8173 176.66898
vehicle 0.69814056 932.0119 164.3303 966.847 174.82771
vehicle 0.6976288 818.2596 164.99657 844.6037 173.83467
vehicle 0.6151853 1174.7277 153.03618 1237.4377 173.8281
vehicle 0.4959308 750.86505 170.30951 770.4263 180.2827
vehicle 0.48017642 1032.415 162.1952 1067.2057 174.29315
vehicle 0.42692629 690.1888 171.2958 713.76514 180.57472
vehicle 0.41664425 491.95438 141.1327 635.3247 217.79086
