vehicle 0.89478046 289.74084 187.64897 394.7314 231.67274
vehicle 0.8232841 907.856 153.46254 985.6519 175.01785
vehicle 0.8113912 669.5546 178.09506 706.1646 194.24976
vehicle 0.7640033 5.2452807 188.3725 145.15376 305.19968
vehicle 0.7389119 533.6836 180.75409 576.0236 194.46638
vehicle 0.7100803 628.59155 181.1955 663.6811 193.87254
vehicle 0.6684307 479.26486 180.83748 514.14276 199.87016
vehicle 0.6628232 397.28802 187.50554 451.01245 215.40302
vehicle 0.65208864 966.77734 149.83572 1062.8999 176.78812
vehicle 0.6469051 268.9484 185.92734 370.30338 226.52283
vehicle 0.5119415 870.4125 155.37971 908.5934 172.0742
vehicle 0.49308693 415.03946 180.6047 453.5209 205.91515
