vehicle 0.9508279 189.01036 181.99203 367.36566 267.9662
vehicle 0.8880568 571.6688 183.91928 631.0208 224.06497
vehicle 0.7557114 365.56305 193.86209 515.42053 289.70462
person 0.63415676 1042.4886 206.92818 1162.792 347.3954
vehicle 0.577521 478.1041 187.6494 534.68506 226.77406
vehicle 0.55832374 527.6506 182.43425 588.74084 228.18625
vehicle 0.55377823 707.51605 196.36331 803.5159 254.0998
vehicle 0.5457319 545.25604 178.62952 584.6373 196.60213
vehicle 0.51040334 771.6214 197.76718 901.4238 300.7516
vehicle 0.4586732 711.8605 193.64355 781.97656 226.51001
vehicle 0.40693754 467.92386 200.48611 531.5841 252.56294
