vehicle 0.9512071 3.9006605 204.77432 433.15326 371.63705
vehicle 0.83041203 645.3577 179.66188 741.7217 235.87077
vehicle 0.7891275 618.1216 183.04518 642.8387 197.42651
vehicle 0.78032976 785.75085 187.62177 1062.0712 368.4335
vehicle 0.77860487 556.8508 186.00246 581.15375 201.66138
vehicle 0.73935467 473.5058 199.83376 547.8367 242.09723
vehicle 0.6068591 499.26135 197.79604 542.5718 219.27298
vehicle 0.57264847 542.4755 190.61432 571.181 210.95001
vehicle 0.42118472 970.2974 250.1286 1242.0 375.0
vehicle 0.40637764 916.92456 203.82005 1231.7926 368.9596
