vehicle 0.92920756 486.52408 178.79156 523.70886 193.12971
vehicle 0.90647405 800.8028 174.57448 947.7999 266.74796
vehicle 0.8190952 601.5867 177.37166 640.13513 196.29555
vehicle 0.7787992 544.4114 177.35483 571.02203 190.71936
vehicle 0.7760248 2.8493888 180.8672 106.990234 282.0128
vehicle 0.5873227 658.5843 174.61305 706.28735 202.02454
vehicle 0.55264336 701.48517 176.98328 808.7785 235.86438
vehicle 0.5222391 585.0588 189.41454 643.78864 211.54182
vehicle 0.5072619 917.0391 169.5058 1187.5101 351.81238
vehicle 0.46554166 690.3139 170.89668 802.43506 215.47235
