vehicle 0.935357 3.6234868 161.89899 189.24406 236.62733
vehicle 0.84803915 451.20615 169.61792 521.59705 212.20668
vehicle 0.81893986 196.23318 160.95282 290.19214 209.83464
vehicle 0.8077214 588.37146 166.93733 662.89557 214.94995
vehicle 0.66033393 387.7149 166.58168 477.18802 219.384
vehicle 0.6461158 722.68726 148.23251 854.81696 250.09914
vehicle 0.62928253 674.50824 159.93994 713.53986 182.01155
vehicle 0.56910866 542.575 161.22595 580.9841 182.6589
vehicle 0.56336105 580.1473 176.79471 666.8797 226.93607
vehicle 0.5471947 675.4816 166.87064 718.333 199.09315
vehicle 0.4040184 487.37943 162.16046 530.44257 178.88817
