vehicle 0.759722 449.95166 189.63736 504.95947 219.01823
vehicle 0.7174303 412.49152 191.44484 480.23535 222.6586
vehicle 0.5735365 0.0 226.70744 142.02007 362.54358
person 0.5316141 151.12918 198.43382 189.65732 226.76796
person 0.4967831 85.18961 202.45273 125.10011 225.33989
person 0.4963856 560.46826 175.58852 577.9381 191.94608
person 0.48514706 65.3317 207.81657 114.379265 231.62485
vehicle 0.46736318 659.61005 176.48357 701.2233 202.43031
vehicle 0.43880928 622.99713 176.14798 647.2178 193.96623
vehicle 0.43325907 503.34906 184.02599 529.648 199.75
vehicle 0.40631452 560.46826 175.58852 577.9381 191.94608
