vehicle 0.8595388 1112.9756 155.97975 1191.3475 175.71344
vehicle 0.7551084 879.4854 164.01515 910.3806 174.05553
vehicle 0.71654874 1049.6906 159.7153 1099.4963 176.52364
vehicle 0.7030771 935.4738 165.33965 969.45825 175.3591
vehicle 0.6828272 1181.6162 155.16504 1236.7561 173.29001
person 0.65270025 688.8811 174.09329 707.0294 190.70834
vehicle 0.6028133 142.01155 157.35182 371.388 244.54147
vehicle 0.5905007 138.7854 158.68141 376.12567 242.6953
vehicle 0.56622845 816.76025 164.47571 845.77563 174.26523
vehicle 0.54374474 1030.8693 163.04312 1066.566 174.817
vehicle 0.42871517 620.9474 180.30293 646.65533 196.4515
