vehicle 0.9132615 0.0 202.1658 306.17514 325.596
vehicle 0.81315124 646.034 187.84598 724.96265 233.43669
vehicle 0.7549549 370.7485 181.4275 488.5987 233.3256
vehicle 0.7514505 468.6967 178.57793 521.7924 203.67352
vehicle 0.71831167 618.58514 179.12778 649.0787 200.38754
vehicle 0.6821016 225.24474 191.84573 381.6967 261.79852
vehicle 0.5519957 538.5936 178.63434 573.1636 196.47832
vehicle 0.47750673 277.62537 181.57523 418.77084 250.93983
vehicle 0.43467632 725.68933 198.55309 862.0326 287.6204
vehicle 0.43218443 700.2367 187.30768 822.7579 276.30637
