vehicle 0.9501677 804.38293 182.70844 976.93866 274.10577
vehicle 0.9154538 982.9148 179.87442 1242.0 362.71283
vehicle 0.8769893 182.02757 173.04639 406.58344 260.64362
vehicle 0.83580333 426.0914 184.54897 512.6554 219.27583
vehicle 0.83543783 866.2355 186.36612 1026.0171 280.7299
vehicle 0.82526565 59.731133 196.22693 289.94833 308.72128
vehicle 0.7903774 612.34814 178.84328 653.11487 201.66542
vehicle 0.67161304 131.30252 186.26645 334.97302 278.66574
vehicle 0.630807 552.3739 179.10333 579.07404 193.59085
vehicle 0.5265906 470.01895 182.50014 513.567 201.04337
vehicle 0.51632637 906.02 193.26004 1075.917 301.30542
vehicle 0.51011854 723.6047 182.89415 816.6117 233.40762
vehicle 0.4919663 754.1821 182.77464 850.66095 248.89824
vehicle 0.44182882 386.37833 183.46455 476.91885 232.13364
vehicle 0.439407 610.3381 184.93701 664.3504 213.30235
vehicle 0.42920825 5.509051 197.89029 197.65256 334.94113
