vehicle 0.93996924 200.21834 190.43036 391.3555 283.20984
vehicle 0.91692287 47.45466 198.80878 294.67322 302.717
vehicle 0.8352635 485.41687 176.26689 534.272 204.95264
vehicle 0.83457905 377.38342 182.95926 460.02716 232.85962
vehicle 0.8225285 702.982 173.2961 846.34753 281.08273
vehicle 0.8146343 110.868484 194.23373 362.2853 302.51273
vehicle 0.7282483 626.24866 177.73093 651.25195 194.32664
vehicle 0.70340335 541.1124 177.47401 573.7814 193.47415
vehicle 0.62679255 21.750025 220.39694 225.19785 354.8354
person 0.5836812 674.18414 177.63562 698.2394 200.79927
person 0.48019636 665.5163 181.86143 701.5728 234.08826
