vehicle 0.75162214 391.68408 181.78685 470.0434 229.21501
vehicle 0.6847853 470.5611 180.57927 544.2654 230.85513
vehicle 0.6509513 771.50555 18.95079 1242.0 360.8838
vehicle 0.6216497 580.10876 179.26588 648.49335 220.31503
vehicle 0.60975254 587.6114 178.73413 640.1447 209.96426
vehicle 0.48385268 75.44506 158.24817 378.5949 297.7145
vehicle 0.4700958 76.20079 159.51866 385.03262 300.69467
vehicle 0.42588872 310.68323 184.38614 431.89108 233.44066
vehicle 0.42405942 675.7906 180.47806 720.97656 234.09203
person 0.41264024 686.0086 175.84047 720.91254 205.57773
