vehicle 0.9436981 258.59183 182.06528 434.48788 261.64886
vehicle 0.94099295 196.09381 190.05655 405.42188 274.2459
vehicle 0.879086 967.9075 197.68814 1239.9684 372.121
vehicle 0.73230726 92.76832 187.21484 245.3618 308.07986
vehicle 0.7319665 461.1451 177.73174 523.2962 212.1588
vehicle 0.7135076 624.8852 178.54668 655.50934 196.55122
vehicle 0.6915801 681.77637 178.96118 711.1176 198.64297
vehicle 0.61619425 370.54886 180.2346 478.37167 231.83339
person 0.54158705 801.759 171.2358 847.365 193.58682
vehicle 0.41446346 543.7214 178.43349 575.5299 194.50325
