vehicle 0.97045094 6.739255 189.32283 315.63647 334.46097
vehicle 0.92347413 203.17654 180.62115 411.5232 264.21494
vehicle 0.88402784 852.12933 193.33434 1199.7678 289.81238
vehicle 0.8676095 707.7901 185.4208 830.2636 229.64142
vehicle 0.820803 611.39105 179.83034 646.0791 199.11247
vehicle 0.8041988 549.1283 179.02821 581.2801 195.31213
vehicle 0.7051349 468.6631 177.79848 527.3459 206.3735
vehicle 0.67631954 405.0787 181.8963 474.55438 224.67691
vehicle 0.56596047 91.14301 192.23428 322.84833 295.41122
vehicle 0.41607144 270.78018 182.5156 432.60797 257.15042
vehicle 0.41492942 659.90985 179.3624 703.9309 204.77687
