vehicle 0.86827296 228.57043 194.8198 380.7023 266.62366
vehicle 0.80674314 708.7081 182.31677 771.6385 222.356
vehicle 0.8022205 752.02966 177.53249 917.2007 260.96768
vehicle 0.72075385 477.1142 188.41953 521.48517 215.44498
vehicle 0.6364193 683.8548 184.19363 736.5224 218.86398
vehicle 0.5787257 555.8779 184.69714 579.8232 200.01547
vehicle 0.5302664 596.48114 184.65938 676.2191 223.9014
vehicle 0.52304405 420.3401 191.85567 458.54916 215.51874
vehicle 0.48288003 102.53697 185.19131 207.24022 236.70045
vehicle 0.42554834 691.4937 180.67796 727.30554 204.6849
vehicle 0.42449325 729.2578 180.18178 772.0236 202.41757
