vehicle 0.91348314 9.999731 170.08669 298.65204 295.869
vehicle 0.8335796 466.744 177.87679 528.33563 200.65219
vehicle 0.7763035 716.9066 207.3327 888.37854 283.6539
vehicle 0.7625136 7.400269 245.90907 192.34595 364.83987
vehicle 0.72303945 615.8444 179.10185 642.27264 195.6281
vehicle 0.62175095 544.941 177.63414 574.10767 192.81361
vehicle 0.533806 664.6147 183.11392 724.3392 220.38936
vehicle 0.45157665 897.56085 266.5621 1241.787 375.0
vehicle 0.40912375 0.68205667 190.76657 204.38377 359.0884
vehicle 0.40182316 1075.643 278.52103 1242.0 374.43048
person 0.40030196 414.55026 187.75856 451.22644 237.39182
