vehicle 0.9635646 920.996 200.08426 1241.8082 370.5747
vehicle 0.9633615 721.25494 162.28534 981.629 319.48767
vehicle 0.95103705 168.18834 193.97197 379.75684 305.85956
vehicle 0.86146104 518.3107 177.84258 559.7024 195.32294
vehicle 0.8051057 0.8764382 207.80817 205.2827 364.61523
vehicle 0.7209029 404.3717 185.24503 475.35187 232.29227
vehicle 0.47836727 507.4557 179.91505 539.43774 196.02985
person 0.43832895 328.96182 181.44695 398.02515 229.43932
vehicle 0.4090603 328.44717 114.45578 366.96814 136.53201
vehicle 0.40004963 685.6825 176.84975 707.763 200.63129
