vehicle 0.8913933 966.69635 158.53134 1235.1089 367.6652
vehicle 0.77144325 288.055 127.57285 444.86 238.6861
vehicle 0.7119162 125.281906 167.40538 293.76913 242.99217
vehicle 0.5747751 475.84485 171.50052 500.69675 192.46213
vehicle 0.5643284 697.268 166.69345 717.2531 179.88872
vehicle 0.52335024 639.1857 166.26726 658.5107 178.46146
vehicle 0.44343743 682.1149 172.38531 708.90247 194.57446
vehicle 0.4319417 552.7063 169.18901 571.5654 182.62398
person 0.4257085 475.84485 171.50052 500.69675 192.46213
vehicle 0.41374865 288.055 127.57285 444.86 238.6861
