vehicle 0.94634783 783.14966 185.37733 1191.6975 371.53925
vehicle 0.9298855 276.21738 177.68967 433.80334 260.10733
vehicle 0.8716963 528.2919 176.90807 570.66425 198.52882
vehicle 0.7385227 0.0 213.51819 242.53908 367.53568
vehicle 0.6606207 611.23505 177.82079 649.0714 193.89734
vehicle 0.5658587 451.59775 187.28758 496.71667 216.70755
vehicle 0.5645668 661.8602 167.81264 719.15466 197.65427
vehicle 0.5325522 698.4914 163.11452 778.9496 181.81401
vehicle 0.48385546 698.1976 167.1888 771.8383 197.49503
vehicle 0.4795585 477.65872 181.9033 511.48135 203.49316
vehicle 0.4594726 404.16473 184.9343 461.4653 230.15173
