vehicle 0.9679368 76.46001 185.7286 377.95767 342.5881
vehicle 0.8782831 613.9487 177.8632 655.5265 202.03581
vehicle 0.81541234 415.86737 187.52126 483.62866 233.60867
vehicle 0.80782884 522.7673 178.1578 565.90497 203.99016
vehicle 0.7507358 487.3021 179.66986 531.15424 206.5069
vehicle 0.69709677 468.1978 186.295 514.428 215.52773
vehicle 0.65523493 857.69196 196.94267 1242.0 373.64563
vehicle 0.61992735 218.13805 80.942894 250.60886 130.52939
vehicle 0.5975193 666.1966 176.2389 714.1746 204.13066
vehicle 0.45026162 598.5479 180.87512 665.29126 228.20833
