vehicle 0.9337929 823.92786 171.09253 916.9149 215.93993
vehicle 0.83556294 780.8181 169.82726 868.34344 207.69179
vehicle 0.79709506 732.6442 167.99974 791.70276 200.49208
vehicle 0.69455147 663.4946 174.99652 746.5849 203.8812
vehicle 0.6777171 460.0339 168.7795 559.8525 218.95703
vehicle 0.6696911 70.87511 200.8377 370.57806 351.04697
vehicle 0.63384 888.3051 169.08722 1001.098 221.2189
vehicle 0.58927023 79.53996 201.49323 115.24804 218.05023
vehicle 0.47953212 981.9386 156.15102 1161.3336 229.03786
vehicle 0.47637346 509.74216 171.52515 560.9748 202.16367
