vehicle 0.83381164 629.0421 176.8384 700.68945 199.775
vehicle 0.7996994 463.42227 181.73473 537.97955 232.40518
vehicle 0.78308445 984.51935 251.10515 1163.5367 372.32755
vehicle 0.77415264 1058.9604 244.57542 1237.4637 371.09793
vehicle 0.75574386 0.0 134.94957 336.95166 375.0
vehicle 0.75157756 331.98395 192.87627 482.99667 301.66385
vehicle 0.74840164 529.91003 175.8276 566.2157 199.47244
vehicle 0.74008167 947.16077 254.92036 1113.4824 372.36826
vehicle 0.7318952 668.8869 178.35533 864.66907 250.40018
vehicle 0.60663927 612.39655 177.50444 645.705 196.42981
