vehicle 0.88696134 460.44516 170.43013 530.72656 209.97537
vehicle 0.8751043 55.210842 118.14288 411.09845 285.65576
vehicle 0.78432894 730.72534 186.20808 1009.9903 320.44333
vehicle 0.7562691 545.74677 171.94295 583.54974 191.13086
vehicle 0.75622493 615.6966 173.78708 651.7931 192.34032
vehicle 0.5737332 661.41626 178.43675 697.33154 198.12277
vehicle 0.5044349 838.18536 180.26796 1037.1895 260.93607
vehicle 0.49437404 384.43546 166.78488 482.3556 217.43231
vehicle 0.48929304 147.64433 185.3513 406.8191 278.28635
vehicle 0.48544297 13.212191 170.50032 174.2579 303.91483
vehicle 0.43099007 720.0141 176.81946 801.08356 208.15977
vehicle 0.40612736 279.05322 156.47241 432.8053 254.1771
