vehicle 0.91730404 828.9741 169.52661 936.2511 217.45903
vehicle 0.84440404 776.718 170.5362 858.4725 208.83447
vehicle 0.836547 1049.9545 159.31259 1223.4733 233.14496
vehicle 0.8039814 696.2254 167.92393 793.72174 203.48106
vehicle 0.7080923 5.7997994 201.58589 323.21692 368.54907
vehicle 0.51597565 77.40822 200.28185 120.50924 213.21295
vehicle 0.5095978 13.481948 202.079 62.617397 218.62737
vehicle 0.45914486 459.6191 169.74883 554.77045 219.29012
vehicle 0.4539684 897.19305 168.73184 1018.82947 226.24341
vehicle 0.41661128 187.28757 197.89781 261.62964 212.64424
vehicle 0.4074477 302.24805 192.60776 437.01166 293.36337
vehicle 0.4068781 664.8622 177.28181 744.4269 203.42267
