vehicle 0.9531348 2.7864873 190.81656 282.59793 357.33838
vehicle 0.8624971 206.92032 183.7508 394.74475 273.9265
vehicle 0.8167332 103.84899 181.70357 362.5979 277.9635
vehicle 0.7744708 475.3391 178.18147 532.265 207.75533
vehicle 0.7421629 618.67316 178.27684 656.234 199.68176
vehicle 0.65855396 259.69427 177.03215 420.1397 254.71129
vehicle 0.63442236 713.1396 180.5548 786.61273 224.17548
vehicle 0.620544 706.46326 176.31747 789.10846 210.62033
vehicle 0.59565306 557.90216 178.02957 585.3045 194.9
vehicle 0.5203081 745.94196 204.38947 953.4228 321.87076
vehicle 0.4956382 819.17535 182.97798 1050.1469 264.39026
vehicle 0.48465 39.626495 189.97745 295.1987 301.93634
vehicle 0.4760442 446.9135 179.5313 526.4148 220.20471
vehicle 0.4475135 339.32022 174.47043 476.53595 229.7314
vehicle 0.4102001 734.92786 187.02155 1027.9487 305.75912
