vehicle 0.93492925 0.68072414 205.32225 282.82175 370.83408
vehicle 0.89296085 832.1573 169.02043 938.35004 219.9693
vehicle 0.8788379 782.1735 169.27228 864.6961 213.31879
vehicle 0.85981226 732.1648 170.18877 783.6475 201.60757
vehicle 0.7084352 258.30405 187.55266 450.24866 298.46997
vehicle 0.66688657 503.78326 173.18678 568.1639 208.96446
vehicle 0.62817544 672.9276 177.45377 732.10846 203.16609
vehicle 0.47258016 984.04895 165.84833 1048.5922 204.87569
vehicle 0.4705156 462.53006 181.05698 534.59296 227.16312
vehicle 0.4143372 653.364 182.5109 743.7168 235.3691
