vehicle 0.8898892 4.584355 206.18945 321.55228 369.90115
vehicle 0.8846813 1005.56177 153.70769 1167.7761 251.717
vehicle 0.73910177 1138.2384 154.58376 1242.0 271.93018
vehicle 0.7085943 136.23633 202.25539 192.57237 213.1799
vehicle 0.689422 541.3268 176.91122 583.37244 200.10428
vehicle 0.6868069 838.1203 164.42566 914.13947 212.688
vehicle 0.6649751 594.876 174.9809 648.5276 199.51328
vehicle 0.63808924 1033.369 156.28134 1219.6456 261.48926
vehicle 0.6197881 896.8079 162.36345 997.8473 218.84277
vehicle 0.5878239 401.25385 164.11682 572.6605 247.91635
vehicle 0.5803476 76.17571 206.45007 129.91241 216.50871
vehicle 0.5223879 9.0533495 204.42403 51.43278 214.9166
vehicle 0.45867094 702.0912 162.3586 887.5859 268.0169
vehicle 0.45382747 882.56744 159.74545 1033.0504 224.97247
vehicle 0.44186226 193.47615 200.05495 236.8361 211.39085
