vehicle 0.9409494 0.7101784 199.89449 343.66016 369.26285
vehicle 0.8595198 196.97047 186.87318 276.7254 223.03769
vehicle 0.676998 394.7393 186.80615 462.66458 226.36485
vehicle 0.6662986 471.27014 188.85469 516.7553 221.31569
vehicle 0.65255487 614.70215 192.8065 651.1005 216.75734
vehicle 0.6459824 717.8399 191.57184 792.3629 230.76141
vehicle 0.6273357 321.3407 187.19046 399.97018 230.79517
vehicle 0.6254248 658.582 192.90921 705.80524 227.30403
vehicle 0.6099166 476.9078 180.79115 520.7789 203.39153
vehicle 0.44462818 549.6287 189.26743 586.7846 214.22194
