vehicle 0.85270584 491.70544 178.89076 524.51874 198.07164
vehicle 0.73448086 420.19153 180.27927 470.508 208.81815
vehicle 0.7092289 624.2359 174.08447 643.64746 181.56902
vehicle 0.63034356 403.5566 184.28485 466.54147 213.85513
vehicle 0.6288917 331.7911 183.65735 391.26096 231.51268
vehicle 0.5166043 4.7495227 177.75958 232.04488 288.1059
vehicle 0.5134076 685.0016 172.28665 709.8179 181.64163
vehicle 0.46151397 551.6789 173.38089 570.33044 181.96417
vehicle 0.44127405 527.66785 175.02101 557.7078 191.07088
vehicle 0.43313774 680.1369 176.11812 713.5866 188.72725
