vehicle 0.7975885 1113.5822 182.2368 1185.6641 203.45721
vehicle 0.75474024 683.0745 183.03098 707.80035 196.43251
vehicle 0.7372354 885.10406 186.08371 913.4404 195.71445
vehicle 0.73194045 745.3722 180.52739 777.6635 191.8999
vehicle 0.71633416 810.0112 180.35857 841.6762 191.47755
vehicle 0.694706 558.34235 185.93694 582.0649 200.32927
vehicle 0.6811331 1004.5491 186.03525 1038.9829 199.48375
vehicle 0.67105544 613.2672 185.44357 636.7569 199.65056
vehicle 0.5590402 946.8599 188.54785 977.0526 198.78674
vehicle 0.49580845 355.95795 185.07277 394.84357 201.8357
vehicle 0.47186917 1077.0641 186.23013 1117.2053 200.49036
vehicle 0.47120807 600.4704 188.19954 634.97687 216.48134
