vehicle 0.8852827 584.0911 176.63037 689.2296 232.91661
vehicle 0.8552483 1109.551 155.72047 1197.1631 176.40475
vehicle 0.78723186 878.19226 164.01804 908.30414 173.94215
vehicle 0.7150301 813.7172 163.05373 843.31476 173.90503
vehicle 0.67814136 687.95526 173.85344 709.41925 189.36563
vehicle 0.66415906 1048.5546 159.93434 1099.3617 176.93211
vehicle 0.6408036 1177.08 154.64447 1236.8741 173.78009
vehicle 0.6364175 931.63525 165.68163 968.1982 175.70618
vehicle 0.6311474 403.78632 174.05608 554.5237 243.63115
vehicle 0.5630091 730.52136 174.25504 754.85956 191.61281
vehicle 0.5468474 618.569 176.0126 671.97546 198.02528
vehicle 0.5190168 758.2504 170.67459 776.22363 181.83278
vehicle 0.4946831 1030.463 162.40916 1067.5449 174.87405
