vehicle 0.92659557 105.26177 192.16914 364.78284 289.1395
vehicle 0.8324513 477.446 177.03198 531.5199 202.40569
vehicle 0.7601581 546.9575 177.20445 581.13135 193.43515
vehicle 0.70777917 0.0 203.52173 251.88231 346.18683
vehicle 0.7060501 658.256 178.94849 705.1367 202.66199
vehicle 0.6982493 716.66327 174.2253 893.9613 298.5805
vehicle 0.6724117 620.51227 177.63985 647.6334 193.78271
vehicle 0.64717144 372.93204 180.77766 460.07568 236.06908
vehicle 0.5534115 405.3813 177.14268 479.86783 196.74216
vehicle 0.49420267 669.3373 182.94507 714.8583 229.39673
vehicle 0.40312225 468.382 183.50124 521.15405 231.20454
