vehicle 0.9717138 786.8144 215.27443 1231.2195 374.0151
vehicle 0.94757015 3.889297 233.92766 422.14728 367.26724
vehicle 0.9395605 316.80658 191.23485 499.97955 286.39896
vehicle 0.76679105 541.86615 182.70741 608.4089 221.87753
vehicle 0.7613708 569.57837 180.64458 635.0872 219.77994
vehicle 0.67319787 485.42142 181.54529 520.25885 195.95425
vehicle 0.5563525 403.0348 181.63184 461.9398 195.204
vehicle 0.5545656 542.9418 179.19536 580.5992 203.11426
vehicle 0.47689122 460.96875 189.74666 506.05417 223.82578
vehicle 0.46084508 196.11131 186.22221 261.95688 221.4504
vehicle 0.4113549 673.5562 184.62923 718.7004 216.20082
