vehicle 0.8921364 945.5741 171.74835 1242.0 370.29083
vehicle 0.8484498 726.58813 179.71783 928.768 266.1548
vehicle 0.6894806 332.35233 184.15726 405.46014 216.18121
vehicle 0.66712195 491.96677 176.49615 521.93115 198.54726
vehicle 0.627322 0.49491605 222.45486 121.31029 363.71072
vehicle 0.5162851 431.1774 178.38298 460.4911 206.10501
vehicle 0.49683312 615.9263 176.64302 649.21564 200.22343
vehicle 0.4598825 579.68933 183.44168 645.39575 219.89465
person 0.42343757 151.74376 173.45345 178.89726 205.10516
vehicle 0.40797114 542.9356 175.30914 568.77625 192.78206
