vehicle 0.9322825 273.3626 181.90488 452.20206 289.63858
vehicle 0.9118007 465.99823 185.89789 536.3557 221.88023
vehicle 0.8004086 3.0430257 180.51913 234.47005 291.92618
vehicle 0.77656585 580.698 181.67511 623.8163 206.05974
vehicle 0.7513558 483.0401 181.49847 520.94824 199.59438
vehicle 0.7178027 422.36374 178.66635 459.03885 195.90352
vehicle 0.596625 552.71124 180.47516 587.0471 203.46379
vehicle 0.50301427 195.48326 186.31422 282.75055 225.96352
vehicle 0.48884264 410.95374 186.18013 469.58496 221.36424
vehicle 0.4796874 263.48297 183.31029 324.01733 198.77295
vehicle 0.44850808 535.3259 190.00021 573.0464 215.54861
