vehicle 0.8973271 433.4225 180.06273 520.4484 225.60722
vehicle 0.774514 830.60846 207.40869 1241.1202 371.2803
vehicle 0.7098906 618.47833 180.01585 646.0269 193.35683
vehicle 0.7066055 780.022 187.12563 949.2316 298.7722
vehicle 0.68256456 0.5835796 212.63286 232.41788 368.95142
vehicle 0.6577986 664.6198 179.19846 705.75073 197.24709
vehicle 0.6293842 204.24437 186.3328 340.53568 238.84392
vehicle 0.56654686 551.26666 177.4759 578.24493 189.72891
vehicle 0.5592452 657.93024 182.00308 716.9084 231.33699
vehicle 0.51446754 477.07043 178.06647 530.4358 203.52876
vehicle 0.46546566 695.79803 183.99937 774.4605 233.5679
