vehicle 0.8556062 662.6609 175.21893 713.77893 210.44763
vehicle 0.8548672 1108.0118 154.85033 1197.5511 176.36041
vehicle 0.78516316 878.4041 163.49918 908.60126 173.79465
vehicle 0.75609064 812.34155 164.11957 840.6807 174.0914
vehicle 0.73030585 543.2278 178.43819 591.0793 202.29643
vehicle 0.6818952 1048.2416 159.73204 1098.5831 176.9117
vehicle 0.6630422 938.08777 165.0136 971.5708 175.40565
vehicle 0.6218592 1175.7325 153.54524 1236.9167 173.83258
vehicle 0.6043349 472.0725 177.63837 513.3494 203.70032
vehicle 0.4967394 528.7637 179.64433 601.23193 223.69281
vehicle 0.4881214 1031.0702 162.78958 1068.1388 175.02037
vehicle 0.4644104 756.57434 170.093 775.4852 182.30382
vehicle 0.40063974 733.6624 173.38908 755.7521 189.57094
