vehicle 0.9234842 47.246437 90.66077 471.64093 222.29224
vehicle 0.8469656 1110.377 155.24995 1191.7998 176.31131
vehicle 0.83304906 242.34264 187.54626 527.30554 320.76886
vehicle 0.80732816 878.5309 164.0527 908.5927 173.83011
vehicle 0.73533505 680.5279 177.13445 717.609 197.98595
vehicle 0.73015505 936.7045 164.67752 969.9237 174.9788
vehicle 0.7265599 0.0 199.46849 251.08302 357.65582
vehicle 0.6912063 1049.256 159.8807 1099.2758 176.92146
vehicle 0.6864166 1176.0688 154.49275 1237.2311 173.70303
vehicle 0.6583261 812.9569 163.57013 842.2201 173.59323
vehicle 0.5140696 1031.1666 162.77678 1067.3867 175.04472
person 0.41427296 490.15097 178.11908 520.4932 199.96532
