vehicle 0.84633946 228.97543 185.20166 388.75757 290.64532
vehicle 0.69279516 747.7947 173.77159 920.5176 297.92838
person 0.67012465 936.10913 160.55792 999.53 265.57257
vehicle 0.65184504 142.34584 270.4416 276.67654 373.00076
vehicle 0.5120684 290.74475 181.57553 412.95657 284.04214
person 0.5081057 421.78378 183.65788 460.8443 232.06786
vehicle 0.48887646 663.9659 170.30132 726.54376 206.16147
person 0.45119596 491.37534 179.08447 521.2202 199.8754
person 0.44657862 335.2269 184.90337 388.1032 229.32867
vehicle 0.43796873 529.35046 175.14433 557.33185 192.89896
vehicle 0.4282463 491.37534 179.08447 521.2202 199.8754
person 0.41975933 113.099976 188.93843 241.83517 326.717
vehicle 0.41158703 9.646243 206.15811 255.04535 366.72552
