vehicle 0.9604161 879.9686 225.25871 1242.0 372.69592
vehicle 0.9294993 3.7323463 82.18402 306.1898 336.7189
vehicle 0.9281877 259.76755 189.36963 457.33743 260.23068
vehicle 0.86421436 617.4776 194.64496 657.51044 212.01503
vehicle 0.86142373 461.1697 189.17473 532.0708 221.29825
vehicle 0.8151245 755.08154 197.7412 898.5987 248.23851
vehicle 0.7965146 698.8188 195.20433 775.3365 232.09329
vehicle 0.6475992 667.55164 196.88458 705.9367 218.63756
vehicle 0.62202436 820.1607 201.4172 1072.9376 284.2768
vehicle 0.617004 904.8052 203.40031 1230.4769 266.16104
vehicle 0.5917605 536.4725 190.79123 574.78455 210.71498
vehicle 0.516079 116.21282 183.15755 322.14545 296.88943
vehicle 0.47141764 552.90216 187.71733 580.6469 200.36122
