vehicle 0.9724514 762.1482 199.81558 1109.1383 371.71844
vehicle 0.8581464 523.9064 184.1967 582.3908 221.66125
vehicle 0.83315593 2.5424695 217.0682 322.72403 371.32187
vehicle 0.79516745 290.58148 224.8241 439.25815 355.1652
vehicle 0.7611992 676.54663 194.93779 715.6879 222.60101
vehicle 0.72469044 273.36566 197.16072 447.96085 325.63156
vehicle 0.6178685 608.4819 191.93289 661.44867 213.70773
vehicle 0.5864428 622.2862 185.69185 654.9094 200.47386
vehicle 0.45781443 670.2535 199.67589 719.059 253.06718
vehicle 0.4170416 675.01526 186.83957 707.9565 199.36862
