vehicle 0.93000597 1.7474523 209.05547 282.07965 372.324
vehicle 0.9024482 247.37505 188.80504 354.9601 234.87398
vehicle 0.7738723 335.4744 190.32173 392.07568 230.65663
vehicle 0.7679566 20.12656 188.6008 170.189 219.69852
vehicle 0.76624686 400.15823 192.40897 464.72833 228.52345
vehicle 0.6860048 544.87744 175.94354 583.39746 202.73871
vehicle 0.68584853 479.25122 182.7188 518.1832 203.62932
vehicle 0.596345 412.97433 183.91522 443.8632 197.68346
vehicle 0.58118576 466.74725 190.50357 512.1047 213.42822
vehicle 0.5129119 350.6014 181.9975 388.1507 198.10266
vehicle 0.49209732 400.80585 200.4686 490.0763 239.50966
