vehicle 0.81743884 188.35216 204.5879 368.66156 302.24634
vehicle 0.76099545 367.7946 179.10197 476.77698 234.03778
vehicle 0.6451879 488.86255 179.54492 523.18384 202.72743
vehicle 0.64398146 621.9434 180.52843 652.4071 200.40811
vehicle 0.5895138 834.5731 219.46411 1128.6725 372.52106
vehicle 0.53502375 550.3653 178.79913 579.3375 195.9667
vehicle 0.52903765 194.7533 184.80019 384.13306 290.67606
vehicle 0.5011045 191.56717 181.2989 454.88733 243.81987
vehicle 0.47133768 654.09607 180.46811 742.37604 234.72778
vehicle 0.43740386 383.7704 175.40366 470.7283 204.50308
