vehicle 0.9478879 7.9036474 189.5209 329.42297 335.95554
vehicle 0.9411486 925.16296 199.14803 1235.737 371.25787
vehicle 0.83264565 140.4369 183.821 365.68335 289.6283
vehicle 0.80413675 603.0644 178.14471 642.8877 198.77098
vehicle 0.7742864 371.7099 180.22171 471.72998 230.19083
vehicle 0.70287097 481.28638 178.22012 525.64844 197.78108
vehicle 0.5618907 540.0427 176.91959 575.0799 194.55388
vehicle 0.46213165 689.4181 177.8925 833.4755 258.31506
vehicle 0.41318193 175.6151 183.76846 387.60693 261.08023
vehicle 0.4095581 289.25613 176.88107 432.07837 253.88164
