vehicle 0.9721185 7.5950947 180.29152 329.8456 350.66458
vehicle 0.94616693 902.84607 175.46495 1242.0 370.59766
vehicle 0.8319091 588.99414 181.24942 670.6526 222.34346
vehicle 0.78671217 732.95624 181.07684 813.9146 235.43936
vehicle 0.6546958 442.67307 180.70924 532.7407 235.57607
vehicle 0.6544749 475.6899 178.10771 525.8462 201.76814
vehicle 0.5734987 612.1881 177.49527 662.4625 203.79536
vehicle 0.52419204 546.1512 175.16675 581.537 197.89937
vehicle 0.46366516 358.49814 178.7836 488.90466 239.37212
vehicle 0.44631153 242.58987 178.30656 309.1703 198.99338
person 0.43970826 679.05963 176.54234 705.7834 200.4465
vehicle 0.40208706 322.1621 176.21275 409.1463 234.17555
