vehicle 0.9568312 111.7019 199.8047 352.64944 311.45465
vehicle 0.92600256 536.9783 175.20244 579.31744 197.55623
vehicle 0.8006297 355.67554 179.80457 468.8551 234.24742
vehicle 0.6815145 722.8917 180.56181 982.2137 310.9583
vehicle 0.66418326 0.0 224.42863 116.71138 365.52933
vehicle 0.6248351 632.1493 175.85072 660.2877 192.28238
vehicle 0.5977574 494.74316 181.1322 532.3601 203.64006
vehicle 0.5845021 923.4264 162.2331 996.89026 182.29932
vehicle 0.5539297 673.4871 168.99725 713.4918 196.93147
vehicle 0.50356597 715.17175 169.62056 772.0802 198.46114
vehicle 0.44597036 465.69507 185.27191 509.86282 214.83325
vehicle 0.42024973 681.1611 165.62004 722.8974 180.8054
