vehicle 0.8754583 568.11017 177.54865 641.8987 222.10904
vehicle 0.809761 4.185348 192.608 203.74353 278.80002
vehicle 0.77928174 382.37024 179.8583 474.22437 235.04024
vehicle 0.67013466 474.2941 175.46097 533.86084 211.40924
vehicle 0.58156836 257.13522 180.28712 452.03445 262.40396
vehicle 0.56298095 685.9206 176.99774 714.8967 204.63889
vehicle 0.5520364 536.0974 176.11638 577.3883 210.00928
vehicle 0.5337432 477.83017 179.42372 547.0092 224.46898
vehicle 0.50904214 587.9333 178.00822 638.8912 210.08502
vehicle 0.49302688 393.67905 178.4282 454.48126 205.69197
vehicle 0.48346728 505.03244 177.18936 568.31476 224.74762
vehicle 0.46923038 705.9582 58.77671 1041.3993 305.23325
vehicle 0.45233944 220.73817 180.15654 396.4768 265.0059
vehicle 0.41201246 675.174 179.03264 714.71765 231.43188
