vehicle 0.95899737 454.87204 173.36847 630.57806 267.97073
vehicle 0.9082985 936.2767 243.68779 1235.7769 374.58133
vehicle 0.881305 814.8389 170.75494 1044.2297 370.67953
vehicle 0.7711719 348.7642 181.07529 388.17258 194.56099
vehicle 0.6849719 739.1126 168.52199 785.59467 199.87164
vehicle 0.67700464 100.637505 195.44244 138.27664 214.37303
vehicle 0.6759589 199.27037 186.45695 240.85214 200.39948
vehicle 0.67414904 743.4264 165.6887 782.6675 182.97742
vehicle 0.6279721 655.43915 163.85606 694.1476 184.74704
vehicle 0.59554625 167.3832 186.95676 199.50374 199.9492
vehicle 0.5714093 778.26373 160.16022 856.5845 207.6632
vehicle 0.5670851 586.9627 168.93382 657.8211 199.66069
vehicle 0.5507236 419.66483 179.57878 459.64905 190.96915
vehicle 0.51304185 794.5741 161.40257 850.5372 183.9051
vehicle 0.41161427 127.67926 191.47154 177.70154 211.39674
