vehicle 0.872518 133.26735 185.41006 390.61493 268.96933
vehicle 0.85106194 442.21475 179.46361 523.6984 222.23416
vehicle 0.84896916 0.0 195.0436 234.18623 365.84634
vehicle 0.7796487 762.7991 183.45114 969.47345 309.02994
vehicle 0.7768395 368.08368 182.74768 472.62466 230.88167
vehicle 0.7649731 546.9814 177.61684 585.8172 197.37706
vehicle 0.6433386 465.27658 177.39455 523.99194 212.12215
vehicle 0.51352847 708.333 179.34113 786.17346 232.03915
vehicle 0.4995103 714.1354 176.65918 789.1839 208.9936
vehicle 0.46938717 679.612 179.18723 721.3458 199.32277
vehicle 0.4406002 681.4184 183.85567 736.7524 220.88275
vehicle 0.43389776 619.70374 176.3031 651.4047 193.21146
