vehicle 0.89755994 920.21796 198.93144 1241.9532 371.19904
vehicle 0.79106075 0.0 210.3007 237.73015 369.4953
vehicle 0.7700341 453.31595 189.16742 512.6846 217.18784
person 0.73212284 155.83403 201.40504 187.72171 219.14204
person 0.7032545 93.44165 204.55702 126.13009 219.60667
person 0.61229014 666.6445 178.43831 697.51544 202.38919
vehicle 0.5920042 618.184 176.96458 643.4544 193.19281
person 0.5502549 215.34644 200.24342 250.24178 221.90158
vehicle 0.45581788 562.75275 177.36404 583.25256 192.29498
person 0.41333526 618.184 176.96458 643.4544 193.19281
