vehicle 0.9480951 868.60706 225.96233 1240.916 371.09433
vehicle 0.9391476 175.57332 188.67007 362.6739 268.61276
vehicle 0.78448033 545.2946 179.0629 581.446 201.52551
vehicle 0.7106288 602.9132 180.51984 640.22974 202.50917
vehicle 0.67104185 654.0896 187.02379 700.35626 216.89035
vehicle 0.6124799 487.98483 178.42041 525.36664 195.44841
vehicle 0.57599586 668.3619 181.42 698.40607 202.13522
vehicle 0.54918367 9.226443 180.76463 133.15833 231.90314
vehicle 0.5331485 583.4717 183.66753 634.4033 215.7505
vehicle 0.48413643 381.0864 188.27383 514.6924 272.4738
vehicle 0.4775723 409.04446 181.08849 453.2186 198.94228
