vehicle 0.9168129 4.6071744 176.8678 316.0994 302.15167
vehicle 0.83102894 786.04596 185.14746 1021.7209 263.05887
vehicle 0.7928935 538.31836 177.9496 572.91254 197.7278
vehicle 0.75304973 634.1565 186.50357 702.64087 221.06648
vehicle 0.7304716 0.0 249.81496 155.42729 370.12018
vehicle 0.7081026 617.53125 179.06538 648.1437 196.36836
vehicle 0.687754 252.54675 180.05101 490.34253 232.89526
vehicle 0.68641406 222.94781 184.21022 393.69797 257.74652
vehicle 0.6539888 469.0604 177.33717 538.874 204.91963
vehicle 0.47980228 358.15622 181.24269 491.8344 228.5227
