vehicle 0.8360539 6.4777474 204.25684 196.50194 320.8624
vehicle 0.7714006 497.54672 186.5591 513.6408 194.10022
vehicle 0.6756817 420.87756 194.78322 456.77228 216.09834
vehicle 0.6445908 559.3939 191.20732 606.07697 214.63245
vehicle 0.5566218 633.77106 132.438 661.5119 168.91628
vehicle 0.4791573 566.0863 188.69441 588.1001 197.51338
person 0.46758136 366.57208 185.82654 384.57928 198.50917
vehicle 0.46334484 444.227 186.1135 458.9649 195.51706
person 0.458754 444.227 186.1135 458.9649 195.51706
vehicle 0.45652884 353.32343 192.60597 390.1418 216.36273
