vehicle 0.9455066 6.09809 180.82617 311.7216 300.42395
vehicle 0.9074642 847.26855 214.69601 1236.027 373.0061
vehicle 0.85081726 450.4642 177.44774 517.3663 207.31969
vehicle 0.84312636 786.11835 178.97386 963.03174 269.7345
vehicle 0.6395335 616.3859 178.17047 647.1864 193.8721
vehicle 0.59331757 726.0569 175.77158 972.66675 238.75949
vehicle 0.5798871 541.13824 174.9164 576.00305 191.08594
vehicle 0.51292473 400.07257 178.31348 473.12503 208.14796
vehicle 0.45135638 243.5354 181.68053 436.18283 279.53317
vehicle 0.43294293 824.77466 185.16333 1042.5026 275.7964
vehicle 0.40322635 818.2233 182.55328 1090.9702 242.20241
