vehicle 0.85466456 1113.204 155.91393 1190.9469 175.73793
vehicle 0.7645215 880.3159 163.37856 908.4333 173.64365
vehicle 0.72588056 1050.8773 159.88943 1100.6031 176.69557
vehicle 0.719755 1179.5006 154.85106 1235.7574 173.07848
vehicle 0.70891255 942.27826 165.11903 974.8735 175.33669
vehicle 0.6891114 18.221416 190.97798 206.29816 260.6222
vehicle 0.65390885 814.0051 164.00179 841.83484 174.10283
vehicle 0.6489418 434.50977 182.4506 550.1724 239.18706
vehicle 0.5342195 1031.1069 163.80258 1066.9572 175.12846
person 0.49614426 676.2751 171.99098 704.4856 195.35956
vehicle 0.47472578 676.2751 171.99098 704.4856 195.35956
vehicle 0.43648756 223.43918 190.30318 275.96707 219.65567
