vehicle 0.93214816 164.66814 162.16534 383.48145 266.0048
vehicle 0.8794026 838.75354 188.37183 1092.2782 305.13
vehicle 0.8107884 4.5358567 187.13606 229.13728 317.60587
vehicle 0.7714118 1035.4253 195.09146 1237.0964 368.589
vehicle 0.7578117 490.1055 178.82462 529.4376 199.76337
vehicle 0.743581 747.8638 174.69829 900.5501 254.12288
vehicle 0.72027093 795.7672 178.7158 977.5015 259.86414
vehicle 0.71107787 358.7833 178.47853 499.7448 230.97629
vehicle 0.513534 622.134 178.40768 651.7334 202.48222
vehicle 0.5011001 557.74725 174.94496 581.5924 189.42902
vehicle 0.45176196 747.30194 178.1626 860.1779 233.86472
person 0.45006382 622.134 178.40768 651.7334 202.48222
