vehicle 0.9753804 86.970825 187.74164 390.562 316.19098
vehicle 0.78263664 566.9333 183.96535 635.3573 220.53677
vehicle 0.7279432 795.2094 19.561462 1241.7584 367.44098
vehicle 0.727248 450.15744 183.63394 524.7946 217.67128
vehicle 0.5858325 404.82898 183.86838 481.81918 226.97617
vehicle 0.55231017 665.8437 185.69275 724.5019 215.67046
vehicle 0.5141338 470.44385 178.61028 519.9867 202.69131
vehicle 0.4828516 538.8223 178.89227 574.47345 198.3064
vehicle 0.46979648 591.54877 181.12596 633.4197 200.71198
vehicle 0.46476826 296.36768 179.07742 425.31985 264.8592
