vehicle 0.9388081 324.81216 188.57271 421.04523 220.10498
vehicle 0.8585254 456.46136 179.75891 624.69305 267.44238
vehicle 0.8423307 1108.2411 154.30089 1198.5096 176.18277
vehicle 0.8167771 665.25903 174.84703 699.8747 197.21579
vehicle 0.7867898 934.41785 164.61288 968.0147 174.66321
vehicle 0.7791726 880.808 164.44647 910.2811 174.06065
vehicle 0.7269876 362.3519 187.07945 436.98367 217.70607
vehicle 0.7176084 1047.0194 160.27306 1096.6078 176.74374
vehicle 0.647511 474.5675 176.34648 515.8201 200.98615
vehicle 0.6459966 818.06335 164.10768 845.5765 173.9219
vehicle 0.63767445 733.6156 172.58243 764.19147 192.71619
vehicle 0.6103904 1174.1998 152.73186 1237.1605 173.585
vehicle 0.5931793 1031.3125 163.51257 1065.5377 174.15128
vehicle 0.55912983 589.5484 155.5421 679.0949 208.71674
vehicle 0.4819213 521.47345 177.32462 584.86707 204.64868
