vehicle 0.96705127 768.3756 189.06442 1064.7861 364.72925
vehicle 0.9042151 18.82059 173.64857 295.3218 290.35495
vehicle 0.8484354 456.59808 175.09195 527.14935 205.00046
vehicle 0.78863174 146.00072 177.33061 355.83792 285.65408
vehicle 0.7845955 285.8187 169.58517 439.93802 248.43608
vehicle 0.63222235 619.88464 176.92293 658.35693 197.87154
vehicle 0.60017085 716.62427 177.04723 785.2953 210.26926
vehicle 0.4263097 97.93935 177.3923 368.85843 251.66486
vehicle 0.41500914 726.9176 180.20943 786.76587 223.6777
vehicle 0.4016543 776.31335 172.65419 1090.7311 289.10114
