vehicle 0.89150554 175.85526 183.48456 407.03967 264.16754
vehicle 0.72104186 485.37323 177.14055 525.58875 201.52335
vehicle 0.7119731 617.86993 173.11967 653.0192 195.58429
vehicle 0.5681483 1083.2179 154.69862 1242.0 369.13898
vehicle 0.5658517 651.5442 176.67145 745.82214 240.53804
vehicle 0.5384783 543.2843 175.12051 574.7936 192.1603
person 0.5269565 81.59561 189.74226 239.50629 365.452
vehicle 0.45306984 611.52545 169.57977 636.1896 179.9702
vehicle 0.41503903 385.44922 186.71928 440.20795 222.7363
vehicle 0.41043818 239.96732 178.24649 418.81723 256.8219
