vehicle 0.60631895 114.00664 204.46126 223.74841 261.05087
vehicle 0.55348176 624.8523 175.08769 658.204 196.17683
vehicle 0.5291167 663.9822 176.14276 701.2066 195.69113
vehicle 0.5256973 1.977286 198.6412 116.22421 294.77698
vehicle 0.5022954 1001.01025 154.44073 1055.1425 174.8771
vehicle 0.48265985 959.6264 156.35408 987.00397 173.87784
vehicle 0.43093958 416.63528 186.79831 452.68268 201.37836
vehicle 0.4253492 266.90863 178.9287 326.90372 197.99529
vehicle 0.41652027 880.7583 157.85327 906.2474 171.16647
vehicle 0.4093415 185.12306 200.76006 264.16864 252.12776
