vehicle 0.9088468 584.303 186.00996 661.65125 232.5917
vehicle 0.84542316 460.32944 183.20084 530.1727 228.81879
vehicle 0.74687594 542.1237 176.58737 582.2483 198.07137
vehicle 0.652517 681.9313 177.94249 720.64575 205.5468
vehicle 0.59652376 681.4739 184.14365 722.7369 219.5792
vehicle 0.5544709 292.1429 179.21805 443.15247 256.62924
vehicle 0.5491093 737.95917 158.10605 912.1729 286.56076
vehicle 0.524775 334.41144 179.47276 487.84854 255.6789
vehicle 0.5023535 609.8727 179.47926 643.9739 195.80171
vehicle 0.46057954 482.03812 179.00555 533.8462 201.26758
