vehicle 0.84628576 226.11708 185.43825 375.37515 270.2923
vehicle 0.80646193 0.0 189.9826 239.23657 357.49686
vehicle 0.748927 618.5789 178.83392 658.2992 196.31436
vehicle 0.72461134 533.03705 177.05115 570.4872 194.84161
vehicle 0.7208809 710.1295 160.43619 784.11914 184.04034
vehicle 0.67353565 480.52695 177.7502 543.7897 212.46164
vehicle 0.5455496 1088.3595 155.36432 1212.3475 183.99864
vehicle 0.5341723 403.58557 187.09723 457.20285 229.57257
vehicle 0.4348159 696.6585 162.67712 783.5044 201.484
vehicle 0.43330875 795.92163 157.0644 842.64545 175.78612
vehicle 0.4237753 664.07385 171.91563 726.00397 202.26253
