vehicle 0.8643296 1112.1305 155.94766 1191.5284 176.40508
vehicle 0.8086846 683.5871 177.53004 718.1603 198.99117
vehicle 0.7993176 879.77625 164.46841 908.97284 174.58301
vehicle 0.781531 720.96466 174.63843 751.52527 193.03287
vehicle 0.77164376 815.8533 163.5959 844.27966 173.87686
vehicle 0.7302552 621.19116 179.50735 654.592 199.36969
vehicle 0.69717777 1054.6576 162.34628 1096.1122 177.02821
vehicle 0.6605091 939.9211 166.03645 971.1498 175.91644
vehicle 0.64005375 747.651 169.43272 772.55566 180.56265
vehicle 0.62839925 689.7895 168.90747 719.87384 179.80826
vehicle 0.61964697 1177.2584 154.34064 1235.499 173.54971
vehicle 0.5618487 493.55136 177.92198 525.20654 201.02812
vehicle 0.5474921 1025.5712 165.87056 1057.5278 176.27283
