vehicle 0.8862471 0.0 159.32727 426.82654 372.50885
vehicle 0.87537855 466.8268 177.94928 522.6391 203.76509
vehicle 0.84866965 1108.8949 154.67923 1192.7346 176.27611
vehicle 0.80756134 878.97473 163.73917 909.56824 173.72984
vehicle 0.77087927 811.7843 163.87161 840.95215 173.75551
vehicle 0.7458973 931.62897 164.0693 966.14496 174.5327
vehicle 0.7051223 1048.3793 159.70622 1099.8718 176.83447
vehicle 0.68130296 762.32666 169.91693 781.619 179.38095
vehicle 0.67181295 525.91284 176.58807 562.43896 194.87001
vehicle 0.6404602 688.4131 166.19221 718.32996 177.85458
vehicle 0.60349506 1176.7203 153.10513 1235.376 173.74239
vehicle 0.5196465 670.6064 170.97899 721.6637 208.7215
vehicle 0.51024264 1030.7882 162.72829 1067.419 174.70616
