vehicle 0.87675244 496.5845 185.68867 514.104 195.08286
vehicle 0.83692026 554.75726 183.8142 572.94116 194.10007
vehicle 0.8176066 425.72476 188.9798 447.3798 198.51115
vehicle 0.781558 608.2772 185.81442 628.1424 196.28229
vehicle 0.7180878 494.9129 194.3486 525.59644 212.10518
vehicle 0.5047707 537.0996 191.51941 571.8035 215.63644
vehicle 0.44041407 382.66565 190.59071 405.44867 200.7949
vehicle 0.43485036 70.33078 184.48041 247.62743 252.2816
vehicle 0.4127819 689.1975 185.32263 710.30255 195.49669
vehicle 0.41272616 582.852 190.69011 624.8086 220.18086
