vehicle 0.9277212 60.240242 183.35867 300.0259 317.4566
vehicle 0.83962166 525.71375 177.71019 565.77026 196.3948
vehicle 0.82698804 612.5856 177.91846 650.92413 193.70798
vehicle 0.68649554 471.65582 185.79669 537.5149 216.47559
vehicle 0.62984234 683.6413 162.50319 786.0297 201.0374
vehicle 0.53321 303.79562 185.41418 397.38727 250.02206
vehicle 0.5242819 700.161 159.79137 787.4237 186.84616
vehicle 0.49254686 416.85193 188.50493 470.5632 228.3508
vehicle 0.48649535 1116.482 162.23996 1165.9067 180.63031
vehicle 0.43847054 665.0548 170.31158 730.1508 200.0999
vehicle 0.40830854 498.3245 181.23442 546.0855 206.87354
