vehicle 0.9029265 588.2031 183.59837 662.8333 228.97316
vehicle 0.8732613 0.9426201 163.6811 153.13623 265.22794
vehicle 0.8677668 113.47148 180.24927 376.28656 316.86362
vehicle 0.82452476 828.62103 136.92122 1229.2845 367.5774
vehicle 0.8169693 464.7867 182.83879 538.4295 230.13857
vehicle 0.8122872 540.14514 178.41212 578.63965 198.05019
vehicle 0.7717295 716.17737 184.43538 789.36993 240.81229
vehicle 0.65975606 301.93814 180.14989 459.63962 273.09467
vehicle 0.647151 615.00037 179.44226 650.082 196.68462
vehicle 0.57617855 677.51495 176.66208 713.67175 199.67412
