vehicle 0.8881219 683.8704 185.17975 709.1152 197.98563
vehicle 0.8607561 479.39377 192.41316 536.0904 217.43745
vehicle 0.8256738 976.2073 171.88963 1218.8682 235.67564
vehicle 0.8135164 557.2502 184.65065 580.5496 197.70372
vehicle 0.79971117 620.8418 183.16792 640.0522 193.29291
vehicle 0.70433694 897.08624 174.78976 1023.0785 207.31776
vehicle 0.66475433 698.04456 195.21712 806.0692 249.76962
vehicle 0.6533441 682.13965 193.98047 713.9315 216.23425
vehicle 0.48976314 335.83862 133.5836 365.2832 161.96541
vehicle 0.4664605 724.2723 192.69417 785.50903 227.92886
