vehicle 0.89493674 430.69852 171.80428 615.07764 278.5152
vehicle 0.8825681 6.8765044 192.45004 191.2796 261.25684
vehicle 0.8536814 1109.7886 154.55646 1191.4795 175.9017
vehicle 0.792952 879.2831 164.41624 910.4817 174.06644
vehicle 0.7819157 414.97952 183.4012 455.17813 204.85838
vehicle 0.71909547 933.1488 164.91402 967.31757 175.04579
vehicle 0.70075214 813.01666 164.48048 841.93115 173.84619
vehicle 0.70038027 1050.1399 159.26239 1100.1752 176.60744
vehicle 0.65264153 1177.2927 152.86911 1236.9811 173.54918
vehicle 0.6445255 760.09467 172.54143 776.4819 181.56306
vehicle 0.642647 401.76288 184.0812 445.26593 214.97112
vehicle 0.61461055 698.80316 172.2895 717.83484 182.30482
vehicle 0.592418 687.3504 174.81601 705.72217 188.5322
vehicle 0.58979785 279.74945 191.34021 325.03595 214.65486
vehicle 0.52600414 1032.4819 162.35002 1068.3163 174.64726
vehicle 0.4989991 343.20856 182.53775 375.88293 201.54831
vehicle 0.48701215 630.70264 173.38698 673.05914 196.61359
