vehicle 0.89158994 475.6421 191.53369 515.7238 218.26678
vehicle 0.7793046 50.208427 186.78987 253.70392 276.10025
vehicle 0.742219 558.6562 186.29948 583.16266 202.81732
vehicle 0.68815565 548.29553 190.32309 582.59186 211.45946
vehicle 0.6769229 283.20178 188.2546 445.4364 280.7148
vehicle 0.62615764 498.7196 185.67363 520.4269 199.52267
vehicle 0.52461237 412.5708 191.44173 451.49658 219.01176
person 0.4565539 424.66522 185.86389 447.46066 198.9322
vehicle 0.42893907 277.98944 190.43571 439.7518 283.11554
person 0.40814996 412.5708 191.44173 451.49658 219.01176
