vehicle 0.8737503 1.4402058 229.92102 288.39426 371.09592
vehicle 0.83508736 614.4549 180.46231 648.64764 199.2599
vehicle 0.8128428 469.54465 188.45352 515.1039 219.48709
vehicle 0.77717835 543.69434 182.56235 575.74646 199.92978
vehicle 0.66236365 488.0369 184.94148 526.2796 201.02875
vehicle 0.569344 754.2393 180.67484 909.50934 304.1789
person 0.54841584 139.28517 200.58469 180.73093 242.58531
vehicle 0.49095315 657.4813 175.71043 709.4298 209.84103
person 0.43587357 95.129364 209.07375 128.92659 237.16188
vehicle 0.4097245 315.89487 180.06554 448.13495 270.85568
