vehicle 0.83871907 490.2165 179.91025 522.7688 200.17487
vehicle 0.74681383 550.4709 178.46442 574.1651 191.83922
vehicle 0.67568135 340.08246 186.82777 403.88544 226.81522
vehicle 0.6709772 239.17712 195.58356 342.26608 246.69989
vehicle 0.59161377 424.86533 179.96864 455.7465 203.01021
vehicle 0.57416 404.89835 182.3302 450.35532 220.20465
vehicle 0.4864256 641.56805 174.33551 657.192 181.63332
vehicle 0.47693026 4.23944 189.99475 158.25945 320.23257
vehicle 0.44397673 683.6562 176.03464 714.8344 188.96565
vehicle 0.43540958 263.97552 193.21455 340.0554 233.84918
vehicle 0.4227133 630.4332 177.59319 655.4982 188.99757
