vehicle 0.9518631 108.9086 182.11075 344.72995 303.09537
vehicle 0.84969836 518.6908 179.27702 562.65753 198.42935
vehicle 0.8065017 616.7545 178.65192 656.07886 193.67572
vehicle 0.6947602 986.21674 261.2613 1234.9321 373.3093
vehicle 0.6854886 693.648 162.38971 786.5328 203.33145
vehicle 0.65122485 466.10696 186.45541 519.11255 215.52255
vehicle 0.58649194 329.78226 181.73198 411.88327 243.8599
vehicle 0.5573274 422.00125 186.46976 472.751 230.51917
vehicle 0.5457756 708.37866 161.73192 785.1279 182.45169
vehicle 0.4892053 499.34824 183.08162 540.4644 203.83754
vehicle 0.41401413 1039.7247 157.96634 1157.1957 184.06488
