vehicle 0.80801046 778.55585 168.42014 1047.8496 332.29883
vehicle 0.8053276 692.15607 160.51006 844.43054 255.4303
vehicle 0.78746873 328.139 160.74135 499.58395 257.74335
vehicle 0.67814404 459.03696 169.58606 521.96454 203.74345
person 0.6544866 581.8274 161.82428 594.4648 175.6468
person 0.62804633 623.1995 161.14243 638.54724 177.2274
vehicle 0.624164 653.2205 161.43974 724.74896 210.7796
vehicle 0.61315435 465.8761 162.05516 513.52893 177.47554
vehicle 0.4667678 623.1995 161.14243 638.54724 177.2274
vehicle 0.4296371 653.0593 158.35643 724.2909 185.04059
