vehicle 0.9215257 5.4443865 231.2018 370.96497 371.16742
vehicle 0.8992683 657.8847 182.26915 728.17316 227.58354
vehicle 0.76440245 99.79555 188.1355 198.01616 235.33336
vehicle 0.7625327 474.60043 179.46828 528.3709 197.15324
vehicle 0.75741017 285.08966 195.06075 506.99008 307.8072
vehicle 0.6677693 553.7775 178.74458 595.134 199.05055
vehicle 0.637571 213.39143 183.648 328.45047 229.02896
vehicle 0.5896103 64.780205 187.643 164.99202 227.68088
vehicle 0.55019224 409.03943 180.58499 459.6153 194.91232
vehicle 0.5498145 607.60266 179.09882 646.9708 202.40517
vehicle 0.4674649 204.49214 186.32846 286.56787 233.11615
