vehicle 0.87938964 848.6647 174.54486 1110.0055 323.0628
vehicle 0.8203988 1.5450957 187.77144 150.22034 284.48895
vehicle 0.78213316 723.6764 173.92056 784.10016 212.37622
vehicle 0.7699754 476.88333 178.64851 509.99744 196.11893
vehicle 0.686534 545.9048 177.82076 572.0815 191.40384
person 0.6850571 263.85443 182.43163 316.4993 234.63702
person 0.5157143 371.048 185.16302 402.92938 216.7482
person 0.47096393 426.18585 179.86217 451.25702 205.2832
vehicle 0.45885274 693.6365 176.21799 726.0786 199.06795
person 0.4215462 373.69434 180.50801 400.57263 205.38058
