vehicle 0.9181219 321.59854 184.83217 431.62585 223.08943
vehicle 0.85938275 436.13153 175.98442 555.3899 235.18596
vehicle 0.84372795 1108.6669 154.46013 1194.7805 176.03856
vehicle 0.7859755 878.8557 164.05354 908.6008 173.97935
vehicle 0.7517192 813.71924 163.49104 842.1788 173.82106
vehicle 0.7445185 934.47437 164.55904 969.8944 175.18042
vehicle 0.71794677 1048.903 159.9117 1099.592 176.50456
vehicle 0.63450396 1173.1298 152.82796 1236.1829 173.58412
vehicle 0.5722682 728.2195 173.20483 757.41547 193.00038
vehicle 0.5719141 757.7005 168.09953 777.4625 180.07878
vehicle 0.54947317 680.35767 173.63994 708.6073 195.41348
vehicle 0.5265917 679.8465 168.79865 704.45105 181.2705
vehicle 0.52139664 1030.9937 163.20537 1066.3774 174.57475
vehicle 0.49537987 50.90187 197.62177 144.88914 250.87349
