vehicle 0.9314134 1006.94324 140.23512 1208.7562 230.51118
vehicle 0.93074644 213.35655 201.4073 379.95975 284.8547
vehicle 0.8602855 903.91986 145.99951 1114.69 224.76031
vehicle 0.8562375 360.54788 194.60414 466.25177 245.13553
vehicle 0.84692174 1045.4854 143.01659 1240.7308 244.82475
vehicle 0.72624207 0.0 214.28905 229.25995 365.74655
vehicle 0.48584548 607.3367 178.09756 637.60187 197.1745
vehicle 0.46269238 659.09576 177.48509 704.0904 208.19441
vehicle 0.43421763 882.78656 156.85358 1049.7295 220.57901
vehicle 0.4201723 695.26 176.83208 805.7645 239.93591
