vehicle 0.9662932 8.660002 185.80827 382.31403 296.83707
vehicle 0.8517526 464.40533 182.34746 529.3105 220.07033
vehicle 0.8444459 711.98145 182.11465 884.94183 270.71838
vehicle 0.8103157 552.9342 180.02013 589.95984 199.33981
vehicle 0.8034956 622.5064 177.57794 653.12494 193.11938
vehicle 0.48852158 292.97412 185.97746 440.24313 240.42513
vehicle 0.4530071 668.815 178.41731 700.216 196.66699
vehicle 0.45234188 488.6504 179.8545 538.40216 209.26384
vehicle 0.44050774 65.85866 182.34367 374.17108 244.92046
vehicle 0.42888921 168.89409 198.08116 388.38193 295.8486
