vehicle 0.95180786 0.0 185.63208 282.411 361.93094
vehicle 0.83405524 710.8844 130.97632 939.5106 274.6794
vehicle 0.78332394 667.249 179.9338 701.63605 201.80525
vehicle 0.7351613 597.6707 177.37917 638.40027 203.27242
vehicle 0.71929806 540.87085 176.47905 579.1565 202.4735
vehicle 0.686913 410.15808 181.69469 484.21735 233.06012
vehicle 0.68664336 485.1016 179.46736 532.2654 202.94331
vehicle 0.6339942 445.00113 181.57158 513.5212 226.82506
vehicle 0.5469791 247.7051 164.51778 420.17377 286.3763
vehicle 0.42546642 576.9122 188.39287 629.6602 216.28333
