vehicle 0.93252504 806.72284 193.05855 1169.3301 360.41034
vehicle 0.9037259 439.09924 186.11612 504.98044 222.56822
vehicle 0.82215923 190.42831 178.0784 407.12283 307.8498
vehicle 0.81198263 621.49695 179.43764 653.0565 197.11447
vehicle 0.7857092 534.6116 180.53703 567.72125 200.09645
vehicle 0.5148826 483.66113 181.73592 527.44464 201.21523
vehicle 0.505312 265.13733 90.453186 300.0993 138.84894
vehicle 0.5033912 609.19415 188.32613 660.1341 217.1591
vehicle 0.4891288 665.42834 176.61568 709.125 204.66129
vehicle 0.40603143 283.294 94.81145 315.00793 144.60251
