vehicle 0.9330759 6.3897457 192.1051 295.23328 328.0942
vehicle 0.8947191 203.45161 179.00975 395.8158 268.97482
vehicle 0.83906084 183.33412 186.45575 366.7843 288.66974
vehicle 0.8314648 132.97522 196.77608 351.74295 308.82483
vehicle 0.82600105 616.9863 180.56339 651.2563 200.67186
vehicle 0.8034858 923.8588 184.04712 1138.0881 299.8984
vehicle 0.7516993 543.09784 178.78258 575.6128 198.75829
vehicle 0.74216986 384.90112 182.9962 458.98923 224.37892
vehicle 0.7193366 446.99683 183.10155 516.4692 218.19978
vehicle 0.7150515 746.25085 185.72473 883.26636 240.00319
vehicle 0.70539266 0.0 198.22562 215.11812 358.47723
vehicle 0.6302119 977.0108 194.40459 1228.8256 353.03217
vehicle 0.5378351 194.99524 177.73593 440.67587 243.6953
vehicle 0.41127515 454.25116 177.66441 528.6803 212.58319
