vehicle 0.9656529 9.185089 205.59845 308.0868 333.31
vehicle 0.7964653 806.56805 199.44772 937.5293 287.99152
vehicle 0.73913753 550.79913 180.24245 587.09375 199.5991
vehicle 0.7312383 355.85052 198.97707 506.45566 271.23474
vehicle 0.6477038 602.10706 180.69987 636.233 202.23778
vehicle 0.611814 716.3349 190.57054 772.2176 233.85594
vehicle 0.5979066 467.32175 186.05234 534.74097 228.12512
vehicle 0.5672553 657.7071 189.59225 714.153 224.98325
vehicle 0.55371755 658.2221 194.52837 717.0198 247.943
vehicle 0.48738107 1123.3165 173.34727 1239.5707 259.33984
vehicle 0.44411963 715.4534 196.8457 779.92065 248.00214
vehicle 0.43651325 484.19803 177.69612 536.06836 204.41173
vehicle 0.4017973 469.86523 201.10852 533.6502 247.27695
