vehicle 0.89807653 549.57074 182.28452 573.72 195.59923
vehicle 0.89320993 465.7316 189.62378 511.89044 219.6595
vehicle 0.72194064 189.81497 181.94958 254.70703 205.87907
vehicle 0.7218696 1175.2059 212.28508 1241.6763 241.95416
vehicle 0.69918936 497.9891 183.21524 519.03467 193.57965
person 0.58867824 960.93115 192.8615 988.0809 228.07509
vehicle 0.56235754 544.6925 185.22607 579.69995 214.93385
vehicle 0.55344355 600.68713 182.60713 621.2374 197.18301
person 0.4880128 1007.31024 194.45676 1035.3813 227.46536
vehicle 0.44885606 243.3731 181.45502 296.57727 205.71413
vehicle 0.42011926 453.92947 179.61191 472.80426 192.8158
vehicle 0.40040118 124.698204 179.545 208.87274 209.28564
