vehicle 0.7974361 618.35944 167.37 644.05194 177.71474
vehicle 0.7871353 598.2654 177.12495 645.1062 195.23972
vehicle 0.63232595 683.5804 167.51996 706.7179 179.0541
vehicle 0.5226528 291.0615 172.03677 319.51822 180.93504
vehicle 0.52103376 668.9512 173.70811 698.81866 190.3742
vehicle 0.4835387 412.03293 171.37943 448.7397 182.21576
vehicle 0.46023133 337.88474 176.81526 383.01144 191.59135
vehicle 0.45303652 345.03073 169.85417 381.45184 181.7543
vehicle 0.45100158 570.3082 165.71446 586.92126 174.4669
vehicle 0.42092037 722.0659 164.95854 749.8463 179.63681
vehicle 0.40522534 557.3311 180.30885 584.3413 195.70872
