vehicle 0.97334915 7.717964 192.12904 323.45935 369.8791
vehicle 0.9458832 834.9758 195.62065 1241.9376 370.3466
vehicle 0.8279831 404.49814 181.51668 454.5923 196.9143
vehicle 0.743047 677.6271 162.54787 726.59235 185.00871
vehicle 0.6918293 661.98535 165.87247 718.02985 196.16693
vehicle 0.5982136 791.266 164.14293 839.0102 182.80814
vehicle 0.59313786 608.8073 174.94826 659.5276 202.92212
vehicle 0.5297628 843.9998 158.0996 922.08887 187.93959
vehicle 0.50298136 822.7575 161.0146 923.1784 201.679
vehicle 0.43363923 494.7264 178.48964 530.7934 194.2861
vehicle 0.41156152 278.03802 185.7547 320.79858 200.48514
