vehicle 0.91276026 6.9428067 176.96716 406.8713 372.0771
vehicle 0.85976195 1108.6508 154.75134 1192.8182 176.00706
vehicle 0.7990771 879.0588 164.45041 909.38385 173.96918
vehicle 0.7231915 933.6371 164.86774 968.2749 174.91736
vehicle 0.7121705 814.9617 164.61844 840.8409 173.74467
vehicle 0.70498186 1049.3916 159.51416 1099.4758 176.63614
vehicle 0.6952085 755.60333 170.92668 771.7477 180.7462
vehicle 0.6669296 470.12692 177.97643 515.5723 203.40456
person 0.6456003 684.3339 173.443 702.3496 191.01566
vehicle 0.63012224 1176.3401 153.42615 1236.0555 173.82607
person 0.5986113 340.0113 177.15099 372.94794 206.46088
vehicle 0.5589825 1030.4265 162.43019 1067.5736 174.67944
person 0.45194057 308.12247 173.78851 337.10062 196.66527
