vehicle 0.98370844 171.84811 206.10933 467.66736 372.6939
vehicle 0.8633465 650.6803 180.87628 711.969 221.24983
vehicle 0.7709509 550.0112 178.46028 594.1782 203.0604
vehicle 0.7136193 599.96423 177.77167 641.3265 202.44214
vehicle 0.58393496 483.89523 177.08476 526.664 200.64706
vehicle 0.5715777 164.63773 183.20584 260.26477 216.23035
vehicle 0.55437386 314.96402 176.81792 393.92975 202.66829
vehicle 0.5425653 731.6404 5.156692 1240.4955 353.93585
vehicle 0.48497328 372.56308 181.14023 512.76373 274.24142
vehicle 0.4789308 663.0896 178.2012 709.1407 211.1418
