vehicle 0.9492638 793.5773 176.94826 985.527 296.6715
vehicle 0.914849 483.839 180.98825 516.7593 194.94957
vehicle 0.8951911 966.532 169.38736 1242.0 362.60278
vehicle 0.8131708 611.0199 181.07726 644.8648 197.69514
vehicle 0.8071466 545.1472 178.15137 571.3582 190.55128
vehicle 0.7027958 663.9725 175.32822 704.3969 198.16724
vehicle 0.5152644 689.1099 174.84177 862.3325 254.57498
vehicle 0.4576261 590.997 192.39337 645.9229 212.78058
vehicle 0.45199892 560.7128 174.62474 581.4564 182.83862
vehicle 0.4006141 664.17194 192.24118 713.0386 221.68634
