vehicle 0.94264096 943.10486 192.04114 1236.196 351.2018
vehicle 0.9141706 832.91724 184.3275 1069.0708 282.22162
vehicle 0.90086526 59.502792 163.40964 345.44543 286.747
vehicle 0.8555836 751.7489 176.31152 902.11597 258.41583
vehicle 0.7580486 789.09155 185.42918 942.26984 272.83496
vehicle 0.7219212 556.1861 175.40181 584.68225 190.19734
vehicle 0.6766855 616.3525 178.27415 650.1011 199.11595
vehicle 0.66339767 346.50137 183.2404 485.3583 226.57027
vehicle 0.54241025 494.99637 179.107 527.4062 199.79578
vehicle 0.46181077 0.0 189.3652 153.32678 352.37683
vehicle 0.41398764 372.225 178.98215 478.16122 202.50513
vehicle 0.4033401 324.7808 179.56187 493.6513 246.73178
