vehicle 0.9606147 0.0 186.06929 261.29626 370.6417
vehicle 0.95193785 799.52734 197.84627 969.15985 301.81772
vehicle 0.8311595 182.18045 182.30894 421.00662 298.3049
vehicle 0.82094646 594.05 187.03809 669.59894 232.04599
vehicle 0.781458 714.86523 182.82333 807.98865 239.04736
vehicle 0.715757 619.86676 178.669 655.268 195.90987
vehicle 0.71170723 539.00555 177.58553 580.54047 199.10185
vehicle 0.5887808 684.28546 179.34409 715.29926 198.37178
vehicle 0.54854596 437.56995 183.8464 523.39404 235.28044
vehicle 0.5451481 514.09344 185.49478 569.6675 220.75407
vehicle 0.47381818 166.00516 190.94244 341.04077 301.4069
