vehicle 0.9652125 785.7608 195.43484 1131.0026 368.45627
vehicle 0.8973887 13.038898 175.70259 307.39444 311.28943
vehicle 0.8855356 450.38364 172.32031 523.41644 202.43628
vehicle 0.8845811 274.57474 166.59305 441.49792 241.95297
vehicle 0.8424169 120.71118 174.45003 337.57462 261.70032
vehicle 0.7427211 713.20984 175.96275 799.18097 210.43556
vehicle 0.6881197 186.63748 173.86035 385.69553 253.75436
vehicle 0.6098773 619.69995 175.67175 662.13745 197.48705
vehicle 0.5505422 763.6225 179.42693 849.2225 231.2813
vehicle 0.42787012 4.3102717 224.38422 186.77757 351.05722
