vehicle 0.93809116 883.05975 192.54376 1175.085 327.76572
vehicle 0.8832501 133.74359 161.60802 359.56937 275.70453
vehicle 0.7759549 752.2758 179.15712 890.1491 260.68323
vehicle 0.73334193 618.2612 179.34193 654.9895 202.40964
vehicle 0.7082456 5.4873786 184.86763 208.75961 324.64822
vehicle 0.6803452 555.3884 177.24449 584.74384 191.1245
vehicle 0.63733226 756.88025 182.8721 864.5185 232.71205
vehicle 0.62815636 352.7875 180.83063 497.02554 228.55038
vehicle 0.62379026 790.30994 183.70201 958.9661 266.0577
vehicle 0.4557536 342.0993 180.86983 507.01416 253.11043
